ACRIM2/UARS
Version: 
Created: 08-Jun-2022
JD        Value 
2448533.5 1363.489000
2448534.5 1364.022000
2448535.5 1364.659000
2448536.5 1365.151000
2448537.5 1365.241000
2448538.5 1365.571000
2448539.5 1365.547000
2448540.5 1365.581000
2448541.5 1365.284000
2448542.5 1365.185000
2448543.5 1365.096000
2448544.5 1365.053000
2448545.5 1365.132000
2448546.5 1365.313000
2448547.5 1365.489000
2448548.5 1365.618000
2448549.5 1365.473000
2448550.5 1365.365000
2448551.5 1365.278000
2448552.5 1364.882000
2448553.5 1364.183000
2448554.5 1363.567000
2448555.5 1362.993000
2448556.5 1362.579000
2448557.5 1362.502000
2448558.5 1362.744000
2448559.5 1363.142000
2448560.5 1363.760000
2448561.5 1364.649000
2448562.5 1365.481000
2448563.5 1365.587000
2448564.5 1365.474000
2448565.5 1365.160000
2448566.5 1364.995000
2448567.5 1365.146000
2448568.5 1365.190000
2448569.5 1365.279000
2448570.5 1365.249000
2448571.5 1364.852000
2448572.5 1364.730000
2448573.5 1364.881000
2448574.5 1365.042000
2448575.5 1365.266000
2448576.5 1365.348000
2448577.5 1365.421000
2448578.5 1365.553000
2448579.5 1365.564000
2448580.5 1365.584000
2448581.5 1365.482000
2448582.5 1365.438000
2448583.5 1365.304000
2448584.5 1365.272000
2448585.5 1365.235000
2448586.5 1365.081000
2448587.5 1365.127000
2448588.5 1365.077000
2448589.5 1365.055000
2448590.5 1365.053000
2448591.5 1365.048000
2448592.5 1365.191000
2448593.5 1365.165000
2448594.5 1365.129000
2448595.5 1364.844000
2448596.5 1364.778000
2448597.5 1364.653000
2448598.5 1364.613000
2448599.5 1364.119000
2448600.5 1363.957000
2448601.5 1364.185000
2448602.5 1364.380000
2448603.5 1364.457000
2448604.5 1364.325000
2448605.5 1363.643000
2448606.5 1364.110000
2448607.5 1364.481000
2448608.5 1364.799000
2448609.5 1364.883000
2448610.5 1364.631000
2448611.5 1364.425000
2448612.5 1363.982000
2448613.5 1363.783000
2448614.5 1363.734000
2448615.5 1363.484000
2448616.5 1363.200000
2448617.5 1362.867000
2448618.5 1362.906000
2448619.5 1363.048000
2448620.5 1363.741000
2448622.5 1364.352000
2448622.5 1364.740000
2448623.5 1364.906000
2448624.5 1364.571000
2448625.5 1364.367000
2448626.5 1364.147000
2448627.5 1363.993000
2448628.5 1364.042000
2448629.5 1364.332000
2448630.5 1364.635000
2448631.5 1364.925000
2448632.5 1365.200000
2448633.5 1365.439000
2448634.5 1365.452000
2448635.5 1365.124000
2448636.5 1365.439000
2448637.5 1365.383000
2448638.5 1365.395000
2448639.5 1365.471000
2448640.5 1365.583000
2448641.5 1365.546000
2448642.5 1365.580000
2448643.5 1365.568000
2448644.5 1365.432000
2448645.5 1365.289000
2448646.5 1365.267000
2448647.5 1365.080000
2448648.5 1364.572000
2448649.5 1364.300000
2448650.5 1364.162000
2448651.5 1363.890000
2448652.5 1363.846000
2448653.5 1364.204000
2448654.5 1364.346000
2448655.5 1364.302000
2448656.5 1364.660000
2448657.5 1364.859000
2448658.5 1365.051000
2448659.5 1365.291000
2448660.5 1365.471000
2448661.5 1365.424000
2448662.5 1364.972000
2448663.5 1364.793000
2448664.5 1364.794000
2448665.5 1364.898000
2448666.5 1364.983000
2448667.5 1364.720000
2448668.5 1364.874000
2448669.5 1365.159000
2448670.5 1365.392000
2448671.5 1365.741000
2448672.5 1365.821000
2448673.5 1365.580000
2448674.5 1365.158000
2448675.5 1364.752000
2448676.5 1364.403000
2448677.5 1364.050000
2448678.5 1364.156000
2448679.5 1364.319000
2448680.5 1364.722000
2448681.5 1365.250000
2448682.5 1365.589000
2448683.5 1365.918000
2448684.5 1365.919000
2448685.5 1365.765000
2448686.5 1365.635000
2448687.5 1365.572000
2448688.5 1365.580000
2448689.5 1365.518000
2448690.5 1365.392000
2448691.5 1365.391000
2448692.5 1365.514000
2448693.5 1365.645000
2448694.5 1365.577000
2448695.5 1365.411000
2448696.5 1365.309000
2448697.5 1365.442000
2448698.5 1365.597000
2448699.5 1365.823000
2448700.5 1365.834000
2448701.5 1365.786000
2448702.5 1365.703000
2448703.5 1365.544000
2448704.5 1365.563000
2448705.5 1365.649000
2448706.5 1365.439000
2448707.5 1365.140000
2448708.5 1364.716000
2448709.5 1364.278000
2448710.5 1363.745000
2448711.5 1363.804000
2448712.5 1364.141000
2448713.5 1364.603000
2448714.5 1365.136000
2448715.5 1365.280000
2448716.5 1365.111000
2448717.5 1364.969000
2448718.5 1364.946000
2448719.5 1364.986000
2448720.5 1365.061000
2448721.5 1365.113000
2448722.5 1365.166000
2448723.5 1365.120000
2448724.5 1365.143000
2448725.5 1365.118000
2448726.5 1365.139000
2448727.5 1365.248000
2448728.5 1365.334000
2448729.5 1365.149000
2448730.5 1365.051000
2448731.5 1365.256000
2448732.5 1365.273000
2448733.5 1365.392000
2448734.5 1365.209000
2448735.5 1365.251000
2448736.5 1365.318000
2448737.5 1365.359000
2448738.5 1365.360000
2448739.5 1365.366000
2448740.5 1365.464000
2448741.5 1365.289000
2448742.5 1365.071000
2448743.5 1364.966000
2448744.5 1364.869000
2448745.5 1364.992000
2448746.5 1364.976000
2448747.5 1364.918000
2448748.5 1364.825000
2448749.5 1364.814000
2448750.5 1364.742000
2448751.5 1364.714000
2448752.5 1364.806000
2448753.5 1365.025000
2448754.5 1365.214000
2448755.5 1365.389000
2448756.5 1365.358000
2448757.5 1365.363000
2448758.5 1365.461000
2448759.5 1365.580000
2448760.5 1365.614000
2448761.5 1365.405000
2448762.5 1365.124000
2448763.5 1364.903000
2448764.5 1364.738000
2448765.5 1364.731000
2448766.5 1364.808000
2448767.5 1364.905000
2448768.5 1364.898000
2448769.5 1365.017000
2448770.5 1365.018000
2448771.5 1364.958000
2448772.5 1364.902000
2448773.5 1364.820000
2448774.5 1364.808000
2448775.5 1364.700000
2448825.5 1364.724000
2448826.5 1364.565000
2448827.5 1364.435000
2448828.5 1364.383000
2448829.5 1364.420000
2448830.5 1364.395000
2448831.5 1364.246000
2448832.5 1364.257000
2448833.5 1364.233000
2448834.5 1364.242000
2448835.5 1364.378000
2448836.5 1364.416000
2448837.5 1364.493000
2448838.5 1364.620000
2448839.5 1364.784000
2448840.5 1364.698000
2448841.5 1364.530000
2448842.5 1364.655000
2448843.5 1364.844000
2448844.5 1365.030000
2448845.5 1365.042000
2448846.5 1364.978000
2448847.5 1364.844000
2448848.5 1364.472000
2448849.5 1364.264000
2448850.5 1363.997000
2448851.5 1363.753000
2448852.5 1363.578000
2448853.5 1363.359000
2448854.5 1363.379000
2448855.5 1363.844000
2448856.5 1364.283000
2448857.5 1364.571000
2448858.5 1364.678000
2448859.5 1364.655000
2448860.5 1364.591000
2448861.5 1364.549000
2448862.5 1364.532000
2448863.5 1364.686000
2448864.5 1364.704000
2448865.5 1364.725000
2448866.5 1364.699000
2448867.5 1364.588000
2448868.5 1364.603000
2448869.5 1364.581000
2448870.5 1364.436000
2448871.5 1364.268000
2448872.5 1364.469000
2448873.5 1364.826000
2448874.5 1364.869000
2448875.5 1364.776000
2448876.5 1364.728000
2448877.5 1364.673000
2448879.5 1364.655000
2448880.5 1364.664000
2448881.5 1364.498000
2448882.5 1364.616000
2448884.5 1364.852000
2448885.5 1364.804000
2448886.5 1364.399000
2448887.5 1364.352000
2448888.5 1364.323000
2448889.5 1364.440000
2448890.5 1364.423000
2448891.5 1364.525000
2448892.5 1364.323000
2448893.5 1364.109000
2448894.5 1364.138000
2448895.5 1364.188000
2448896.5 1364.298000
2448897.5 1364.449000
2448898.5 1364.477000
2448899.5 1364.551000
2448900.5 1364.421000
2448901.5 1364.291000
2448902.5 1364.352000
2448903.5 1364.423000
2448904.5 1364.583000
2448907.5 1364.639000
2448908.5 1364.611000
2448909.5 1364.642000
2448910.5 1364.557000
2448911.5 1364.509000
2448912.5 1364.446000
2448913.5 1364.385000
2448914.5 1364.042000
2448915.5 1363.666000
2448916.5 1363.419000
2448917.5 1363.383000
2448918.5 1363.596000
2448919.5 1363.710000
2448920.5 1363.554000
2448921.5 1363.474000
2448922.5 1363.494000
2448923.5 1363.536000
2448924.5 1363.713000
2448925.5 1363.958000
2448926.5 1364.201000
2448927.5 1364.418000
2448928.5 1364.497000
2448929.5 1364.503000
2448930.5 1364.359000
2448931.5 1364.292000
2448932.5 1364.249000
2448933.5 1364.113000
2448934.5 1364.017000
2448935.5 1363.874000
2448936.5 1363.931000
2448937.5 1364.210000
2448938.5 1364.437000
2448939.5 1364.517000
2448940.5 1364.588000
2448941.5 1364.748000
2448942.5 1364.895000
2448943.5 1364.945000
2448944.5 1364.814000
2448945.5 1364.706000
2448946.5 1364.642000
2448947.5 1364.491000
2448948.5 1364.411000
2448949.5 1364.365000
2448950.5 1364.481000
2448951.5 1364.611000
2448952.5 1364.634000
2448953.5 1364.535000
2448954.5 1364.344000
2448955.5 1364.277000
2448956.5 1364.118000
2448957.5 1364.216000
2448958.5 1364.422000
2448959.5 1364.601000
2448960.5 1364.617000
2448961.5 1364.452000
2448962.5 1364.436000
2448963.5 1364.436000
2448964.5 1364.625000
2448965.5 1364.567000
2448966.5 1364.218000
2448967.5 1363.936000
2448968.5 1363.742000
2448969.5 1363.864000
2448970.5 1364.213000
2448971.5 1364.591000
2448972.5 1364.963000
2448973.5 1364.961000
2448974.5 1364.883000
2448975.5 1364.845000
2448976.5 1364.837000
2448977.5 1364.817000
2448978.5 1364.767000
2448979.5 1364.747000
2448980.5 1364.731000
2448981.5 1364.571000
2448982.5 1364.393000
2448983.5 1364.273000
2448984.5 1364.216000
2448985.5 1364.407000
2448986.5 1364.395000
2448988.5 1364.436000
2448988.5 1364.428000
2448989.5 1364.460000
2448990.5 1364.346000
2448991.5 1364.268000
2448992.5 1364.273000
2448993.5 1364.297000
2448994.5 1364.348000
2448995.5 1364.533000
2448996.5 1364.668000
2448997.5 1364.864000
2448998.5 1364.904000
2448999.5 1364.843000
2449000.5 1364.733000
2449001.5 1364.627000
2449002.5 1364.722000
2449003.5 1364.667000
2449004.5 1364.571000
2449005.5 1364.581000
2449006.5 1364.577000
2449007.5 1364.650000
2449008.5 1364.623000
2449009.5 1364.574000
2449010.5 1364.674000
2449011.5 1364.691000
2449012.5 1364.695000
2449013.5 1364.692000
2449014.5 1364.667000
2449015.5 1364.756000
2449016.5 1364.823000
2449017.5 1364.759000
2449018.5 1364.701000
2449019.5 1364.652000
2449020.5 1364.560000
2449021.5 1364.541000
2449022.5 1364.169000
2449023.5 1363.801000
2449024.5 1363.646000
2449025.5 1363.368000
2449026.5 1363.085000
2449027.5 1363.169000
2449028.5 1363.149000
2449029.5 1363.454000
2449030.5 1363.801000
2449031.5 1364.205000
2449032.5 1364.392000
2449033.5 1364.623000
2449034.5 1364.645000
2449035.5 1364.436000
2449036.5 1364.407000
2449037.5 1364.463000
2449038.5 1364.353000
2449039.5 1364.230000
2449040.5 1364.007000
2449041.5 1363.881000
2449042.5 1363.978000
2449043.5 1364.249000
2449044.5 1364.305000
2449045.5 1364.272000
2449046.5 1364.336000
2449047.5 1364.167000
2449048.5 1364.171000
2449049.5 1364.282000
2449050.5 1364.170000
2449051.5 1364.172000
2449052.5 1364.151000
2449053.5 1363.841000
2449054.5 1363.536000
2449055.5 1363.616000
2449056.5 1363.830000
2449057.5 1364.252000
2449058.5 1364.564000
2449059.5 1364.697000
2449060.5 1364.758000
2449061.5 1364.697000
2449062.5 1364.688000
2449063.5 1364.691000
2449064.5 1364.675000
2449065.5 1364.661000
2449066.5 1364.609000
2449067.5 1364.659000
2449068.5 1364.543000
2449069.5 1364.486000
2449070.5 1364.577000
2449071.5 1364.716000
2449072.5 1364.836000
2449073.5 1364.789000
2449074.5 1364.619000
2449075.5 1364.608000
2449076.5 1364.627000
2449077.5 1364.609000
2449078.5 1364.434000
2449079.5 1364.402000
2449080.5 1364.388000
2449081.5 1364.320000
2449082.5 1364.289000
2449083.5 1364.052000
2449084.5 1364.044000
2449085.5 1364.146000
2449086.5 1364.217000
2449087.5 1364.419000
2449088.5 1364.535000
2449089.5 1364.587000
2449090.5 1364.616000
2449091.5 1364.601000
2449092.5 1364.634000
2449093.5 1364.568000
2449094.5 1364.880000
2449095.5 1364.780000
2449096.5 1364.845000
2449097.5 1364.643000
2449098.5 1364.357000
2449099.5 1364.494000
2449100.5 1364.610000
2449101.5 1364.659000
2449102.5 1364.877000
2449103.5 1365.050000
2449104.5 1365.057000
2449105.5 1365.058000
2449106.5 1365.052000
2449107.5 1364.910000
2449108.5 1364.862000
2449109.5 1364.830000
2449110.5 1364.761000
2449111.5 1364.828000
2449112.5 1364.784000
2449113.5 1364.604000
2449114.5 1364.161000
2449115.5 1363.780000
2449116.5 1363.503000
2449117.5 1363.366000
2449118.5 1363.610000
2449119.5 1364.004000
2449120.5 1364.179000
2449121.5 1364.476000
2449122.5 1364.453000
2449123.5 1364.445000
2449124.5 1364.411000
2449125.5 1364.436000
2449126.5 1364.529000
2449127.5 1364.628000
2449128.5 1364.687000
2449129.5 1364.648000
2449130.5 1364.666000
2449131.5 1364.736000
2449132.5 1364.769000
2449133.5 1364.760000
2449134.5 1364.704000
2449135.5 1364.504000
2449136.5 1364.418000
2449137.5 1364.228000
2449138.5 1364.161000
2449139.5 1364.321000
2449140.5 1364.318000
2449141.5 1364.314000
2449142.5 1364.477000
2449143.5 1364.493000
2449144.5 1364.267000
2449145.5 1364.323000
2449146.5 1364.362000
2449147.5 1364.441000
2449148.5 1364.393000
2449149.5 1364.454000
2449150.5 1364.379000
2449151.5 1364.283000
2449152.5 1364.233000
2449153.5 1364.235000
2449154.5 1364.253000
2449155.5 1364.246000
2449156.5 1364.321000
2449157.5 1364.427000
2449158.5 1364.401000
2449159.5 1364.459000
2449160.5 1364.535000
2449161.5 1364.539000
2449162.5 1364.453000
2449163.5 1364.494000
2449164.5 1364.590000
2449165.5 1364.606000
2449166.5 1364.460000
2449167.5 1364.388000
2449168.5 1364.268000
2449169.5 1364.337000
2449170.5 1364.449000
2449171.5 1364.412000
2449172.5 1364.588000
2449173.5 1364.689000
2449174.5 1364.734000
2449175.5 1364.641000
2449176.5 1364.509000
2449177.5 1364.122000
2449178.5 1364.078000
2449179.5 1364.103000
2449180.5 1364.181000
2449181.5 1364.123000
2449182.5 1364.120000
2449183.5 1364.084000
2449184.5 1364.250000
2449185.5 1364.396000
2449186.5 1364.434000
2449187.5 1364.476000
2449188.5 1364.430000
2449189.5 1364.277000
2449190.5 1364.423000
2449191.5 1364.540000
2449192.5 1364.705000
2449193.5 1364.672000
2449194.5 1364.706000
2449195.5 1364.617000
2449196.5 1364.564000
2449197.5 1364.509000
2449198.5 1364.465000
2449199.5 1364.476000
2449200.5 1364.465000
2449201.5 1364.475000
2449202.5 1364.457000
2449203.5 1364.379000
2449209.5 1364.610000
2449210.5 1364.554000
2449211.5 1364.577000
2449212.5 1364.553000
2449213.5 1364.509000
2449214.5 1364.447000
2449215.5 1364.408000
2449216.5 1364.425000
2449217.5 1364.433000
2449218.5 1364.453000
2449219.5 1364.446000
2449220.5 1364.443000
2449221.5 1364.369000
2449222.5 1364.331000
2449223.5 1364.330000
2449224.5 1364.387000
2449225.5 1364.389000
2449226.5 1364.362000
2449227.5 1364.363000
2449228.5 1364.381000
2449229.5 1364.423000
2449230.5 1364.404000
2449231.5 1364.335000
2449232.5 1364.298000
2449233.5 1364.271000
2449234.5 1364.289000
2449235.5 1364.320000
2449236.5 1364.341000
2449237.5 1364.417000
2449238.5 1364.480000
2449239.5 1364.522000
2449240.5 1364.511000
2449241.5 1364.472000
2449242.5 1364.449000
2449243.5 1364.429000
2449244.5 1364.491000
2449245.5 1364.585000
2449246.5 1364.689000
2449247.5 1364.733000
2449252.5 1364.530000
2449253.5 1364.347000
2449254.5 1364.145000
2449255.5 1364.039000
2449256.5 1363.966000
2449257.5 1363.951000
2449258.5 1363.848000
2449259.5 1363.742000
2449260.5 1363.449000
2449261.5 1363.158000
2449262.5 1362.902000
2449263.5 1362.876000
2449264.5 1363.062000
2449265.5 1363.166000
2449266.5 1363.372000
2449267.5 1363.616000
2449268.5 1363.924000
2449269.5 1364.013000
2449270.5 1364.084000
2449271.5 1364.149000
2449272.5 1364.134000
2449273.5 1364.117000
2449274.5 1364.171000
2449275.5 1364.202000
2449276.5 1364.275000
2449277.5 1364.365000
2449278.5 1364.425000
2449279.5 1364.439000
2449280.5 1364.347000
2449281.5 1364.213000
2449282.5 1364.250000
2449283.5 1364.233000
2449284.5 1364.313000
2449285.5 1364.483000
2449286.5 1364.417000
2449287.5 1364.294000
2449288.5 1364.255000
2449289.5 1364.213000
2449290.5 1364.157000
2449291.5 1364.112000
2449292.5 1363.996000
2449293.5 1363.856000
2449294.5 1363.714000
2449295.5 1363.644000
2449296.5 1363.708000
2449297.5 1363.813000
2449298.5 1363.965000
2449299.5 1364.122000
2449300.5 1364.233000
2449301.5 1364.327000
2449302.5 1364.381000
2449303.5 1364.390000
2449304.5 1364.446000
2449305.5 1364.361000
2449306.5 1364.201000
2449307.5 1363.967000
2449308.5 1363.813000
2449309.5 1363.630000
2449310.5 1363.624000
2449311.5 1363.844000
2449312.5 1364.098000
2449313.5 1364.289000
2449314.5 1364.368000
2449315.5 1364.249000
2449316.5 1364.105000
2449317.5 1364.152000
2449318.5 1364.343000
2449319.5 1364.402000
2449320.5 1364.387000
2449321.5 1364.342000
2449322.5 1364.199000
2449323.5 1364.306000
2449324.5 1364.383000
2449325.5 1364.420000
2449326.5 1364.357000
2449327.5 1364.193000
2449328.5 1364.092000
2449329.5 1364.106000
2449330.5 1364.295000
2449331.5 1364.390000
2449332.5 1364.422000
2449333.5 1364.316000
2449334.5 1364.191000
2449335.5 1364.043000
2449336.5 1363.995000
2449337.5 1363.946000
2449338.5 1363.932000
2449339.5 1363.953000
2449340.5 1364.018000
2449341.5 1364.010000
2449342.5 1364.025000
2449343.5 1364.000000
2449344.5 1363.956000
2449345.5 1363.788000
2449346.5 1363.579000
2449347.5 1363.478000
2449348.5 1363.663000
2449349.5 1363.912000
2449350.5 1364.122000
2449351.5 1364.267000
2449353.5 1364.202000
2449353.5 1363.778000
2449354.5 1363.405000
2449355.5 1363.355000
2449356.5 1363.443000
2449357.5 1363.401000
2449358.5 1363.615000
2449359.5 1363.890000
2449360.5 1364.151000
2449361.5 1363.995000
2449362.5 1363.858000
2449363.5 1363.817000
2449364.5 1363.942000
2449365.5 1364.057000
2449366.5 1364.129000
2449367.5 1364.145000
2449368.5 1364.075000
2449369.5 1364.039000
2449370.5 1363.956000
2449371.5 1363.866000
2449372.5 1363.814000
2449373.5 1363.740000
2449374.5 1363.764000
2449375.5 1363.937000
2449376.5 1364.017000
2449377.5 1364.261000
2449378.5 1364.540000
2449379.5 1364.802000
2449380.5 1364.803000
2449381.5 1364.717000
2449382.5 1364.653000
2449383.5 1364.623000
2449384.5 1364.662000
2449385.5 1364.664000
2449386.5 1364.657000
2449387.5 1364.555000
2449388.5 1364.373000
2449389.5 1364.209000
2449390.5 1364.090000
2449391.5 1364.151000
2449392.5 1364.061000
2449393.5 1363.945000
2449394.5 1363.897000
2449395.5 1364.047000
2449396.5 1364.245000
2449397.5 1364.333000
2449398.5 1364.346000
2449399.5 1364.231000
2449400.5 1364.126000
2449401.5 1364.011000
2449402.5 1363.978000
2449403.5 1364.155000
2449404.5 1364.381000
2449405.5 1364.513000
2449406.5 1364.574000
2449407.5 1364.545000
2449408.5 1364.472000
2449409.5 1364.416000
2449410.5 1364.367000
2449411.5 1364.281000
2449412.5 1364.432000
2449413.5 1364.357000
2449414.5 1364.413000
2449415.5 1364.373000
2449416.5 1364.315000
2449417.5 1364.170000
2449418.5 1364.097000
2449419.5 1364.089000
2449420.5 1363.979000
2449421.5 1363.997000
2449422.5 1364.055000
2449423.5 1364.092000
2449424.5 1364.165000
2449425.5 1364.014000
2449426.5 1364.094000
2449428.5 1364.432000
2449429.5 1364.500000
2449430.5 1364.436000
2449431.5 1364.679000
2449432.5 1364.747000
2449433.5 1364.638000
2449434.5 1364.743000
2449435.5 1364.736000
2449436.5 1364.706000
2449437.5 1364.613000
2449438.5 1364.523000
2449439.5 1364.503000
2449440.5 1364.459000
2449441.5 1364.373000
2449442.5 1364.396000
2449443.5 1364.365000
2449444.5 1364.372000
2449445.5 1364.244000
2449446.5 1364.237000
2449447.5 1364.151000
2449448.5 1364.140000
2449449.5 1364.175000
2449450.5 1364.220000
2449451.5 1364.285000
2449452.5 1364.301000
2449453.5 1364.335000
2449454.5 1364.329000
2449455.5 1364.306000
2449456.5 1364.338000
2449457.5 1364.373000
2449458.5 1364.435000
2449459.5 1364.382000
2449460.5 1364.440000
2449461.5 1364.323000
2449462.5 1364.337000
2449463.5 1364.258000
2449464.5 1364.309000
2449465.5 1364.339000
2449466.5 1364.302000
2449467.5 1364.304000
2449468.5 1364.307000
2449469.5 1364.241000
2449470.5 1364.194000
2449471.5 1364.149000
2449472.5 1364.075000
2449473.5 1363.932000
2449474.5 1363.891000
2449475.5 1363.946000
2449476.5 1363.926000
2449477.5 1363.974000
2449478.5 1363.994000
2449479.5 1364.057000
2449480.5 1364.091000
2449481.5 1364.111000
2449482.5 1364.164000
2449483.5 1364.210000
2449484.5 1364.231000
2449485.5 1364.190000
2449486.5 1364.235000
2449487.5 1364.193000
2449488.5 1364.165000
2449489.5 1364.191000
2449490.5 1364.230000
2449491.5 1364.237000
2449492.5 1364.349000
2449493.5 1364.406000
2449494.5 1364.470000
2449495.5 1364.457000
2449496.5 1364.311000
2449497.5 1364.223000
2449498.5 1364.150000
2449499.5 1364.081000
2449500.5 1364.009000
2449501.5 1363.966000
2449502.5 1363.982000
2449503.5 1363.945000
2449504.5 1364.022000
2449505.5 1364.054000
2449506.5 1364.095000
2449507.5 1364.096000
2449508.5 1364.095000
2449509.5 1364.137000
2449510.5 1364.180000
2449511.5 1364.255000
2449512.5 1364.282000
2449513.5 1364.228000
2449514.5 1364.152000
2449515.5 1364.088000
2449516.5 1364.135000
2449517.5 1364.241000
2449518.5 1364.304000
2449519.5 1364.340000
2449520.5 1364.410000
2449521.5 1364.374000
2449522.5 1364.356000
2449523.5 1364.301000
2449524.5 1364.289000
2449525.5 1364.234000
2449526.5 1364.223000
2449527.5 1364.208000
2449528.5 1364.179000
2449529.5 1364.192000
2449530.5 1364.175000
2449531.5 1364.201000
2449532.5 1364.158000
2449533.5 1363.927000
2449534.5 1363.947000
2449535.5 1363.958000
2449536.5 1364.045000
2449537.5 1364.100000
2449538.5 1364.186000
2449539.5 1364.235000
2449540.5 1364.216000
2449541.5 1364.113000
2449542.5 1364.066000
2449543.5 1364.109000
2449544.5 1364.158000
2449545.5 1364.320000
2449546.5 1364.361000
2449547.5 1364.270000
2449548.5 1364.140000
2449549.5 1364.087000
2449550.5 1364.079000
2449551.5 1364.117000
2449552.5 1364.046000
2449553.5 1363.971000
2449554.5 1363.904000
2449555.5 1363.887000
2449556.5 1363.880000
2449557.5 1363.938000
2449558.5 1364.052000
2449559.5 1364.138000
2449560.5 1364.198000
2449561.5 1364.238000
2449562.5 1364.252000
2449563.5 1364.334000
2449564.5 1364.391000
2449565.5 1364.405000
2449566.5 1364.449000
2449567.5 1364.444000
2449568.5 1364.400000
2449569.5 1364.327000
2449570.5 1364.226000
2449571.5 1364.194000
2449572.5 1364.169000
2449573.5 1364.146000
2449574.5 1364.106000
2449575.5 1364.107000
2449576.5 1364.080000
2449577.5 1363.946000
2449578.5 1363.784000
2449579.5 1363.895000
2449580.5 1363.953000
2449581.5 1364.055000
2449582.5 1364.131000
2449583.5 1364.081000
2449584.5 1364.092000
2449585.5 1364.119000
2449586.5 1364.137000
2449587.5 1364.095000
2449588.5 1364.052000
2449589.5 1364.091000
2449590.5 1364.105000
2449591.5 1364.165000
2449592.5 1364.215000
2449593.5 1364.247000
2449594.5 1364.274000
2449595.5 1364.217000
2449596.5 1364.102000
2449597.5 1364.009000
2449598.5 1363.918000
2449599.5 1363.853000
2449600.5 1363.836000
2449601.5 1363.885000
2449602.5 1363.882000
2449603.5 1364.048000
2449604.5 1364.127000
2449605.5 1364.162000
2449606.5 1364.169000
2449607.5 1364.199000
2449608.5 1364.195000
2449609.5 1364.146000
2449610.5 1364.131000
2449611.5 1364.097000
2449612.5 1364.029000
2449613.5 1364.035000
2449614.5 1364.001000
2449615.5 1363.992000
2449616.5 1364.009000
2449617.5 1364.023000
2449618.5 1364.014000
2449619.5 1363.991000
2449620.5 1363.996000
2449621.5 1364.021000
2449622.5 1364.083000
2449623.5 1364.073000
2449624.5 1364.043000
2449625.5 1364.012000
2449626.5 1363.973000
2449627.5 1363.968000
2449628.5 1363.975000
2449629.5 1363.922000
2449630.5 1363.936000
2449631.5 1363.961000
2449632.5 1363.986000
2449633.5 1364.021000
2449634.5 1364.022000
2449635.5 1364.054000
2449636.5 1364.038000
2449637.5 1364.002000
2449638.5 1363.992000
2449639.5 1363.965000
2449640.5 1363.945000
2449641.5 1363.859000
2449642.5 1363.943000
2449643.5 1363.999000
2449644.5 1364.348000
2449645.5 1364.197000
2449646.5 1364.216000
2449647.5 1364.157000
2449648.5 1364.184000
2449649.5 1364.164000
2449650.5 1364.154000
2449651.5 1364.226000
2449652.5 1364.245000
2449653.5 1364.163000
2449654.5 1364.066000
2449655.5 1363.967000
2449656.5 1363.965000
2449657.5 1364.040000
2449658.5 1364.101000
2449659.5 1364.165000
2449660.5 1364.171000
2449661.5 1364.189000
2449662.5 1364.185000
2449663.5 1364.130000
2449664.5 1364.219000
2449665.5 1364.273000
2449666.5 1364.299000
2449667.5 1364.335000
2449668.5 1364.367000
2449669.5 1364.352000
2449670.5 1364.400000
2449671.5 1364.422000
2449672.5 1364.442000
2449673.5 1364.427000
2449674.5 1364.392000
2449675.5 1364.385000
2449676.5 1364.362000
2449677.5 1364.077000
2449678.5 1364.130000
2449679.5 1364.175000
2449680.5 1364.186000
2449681.5 1364.115000
2449682.5 1364.092000
2449683.5 1364.127000
2449684.5 1364.192000
2449685.5 1364.261000
2449686.5 1364.254000
2449687.5 1364.230000
2449688.5 1364.151000
2449689.5 1364.114000
2449690.5 1364.110000
2449691.5 1364.141000
2449692.5 1364.151000
2449693.5 1364.132000
2449694.5 1364.104000
2449695.5 1364.050000
2449696.5 1363.930000
2449697.5 1363.700000
2449698.5 1363.428000
2449699.5 1363.463000
2449700.5 1363.479000
2449701.5 1363.568000
2449702.5 1363.705000
2449703.5 1363.911000
2449704.5 1364.037000
2449705.5 1364.009000
2449706.5 1363.942000
2449707.5 1363.911000
2449708.5 1363.854000
2449709.5 1363.844000
2449710.5 1363.876000
2449711.5 1363.924000
2449712.5 1363.981000
2449713.5 1363.924000
2449714.5 1364.052000
2449715.5 1363.949000
2449716.5 1363.926000
2449718.5 1363.903000
2449718.5 1364.246000
2449719.5 1364.274000
2449720.5 1364.323000
2449721.5 1364.385000
2449722.5 1364.377000
2449723.5 1364.362000
2449724.5 1364.335000
2449725.5 1364.293000
2449726.5 1364.258000
2449727.5 1364.274000
2449728.5 1364.267000
2449729.5 1364.250000
2449730.5 1364.270000
2449731.5 1364.211000
2449732.5 1364.124000
2449733.5 1363.998000
2449734.5 1363.927000
2449735.5 1363.980000
2449736.5 1364.077000
2449737.5 1364.144000
2449738.5 1364.168000
2449739.5 1364.142000
2449740.5 1364.065000
2449741.5 1363.968000
2449742.5 1363.939000
2449743.5 1363.966000
2449744.5 1364.040000
2449745.5 1364.100000
2449746.5 1364.128000
2449747.5 1364.099000
2449748.5 1364.087000
2449749.5 1364.063000
2449750.5 1364.011000
2449751.5 1363.943000
2449752.5 1363.915000
2449753.5 1363.893000
2449754.5 1363.936000
2449755.5 1364.001000
2449756.5 1364.028000
2449757.5 1364.086000
2449758.5 1364.063000
2449759.5 1363.986000
2449760.5 1363.882000
2449761.5 1363.857000
2449762.5 1363.900000
2449763.5 1364.007000
2449764.5 1364.154000
2449765.5 1364.214000
2449766.5 1364.144000
2449767.5 1364.020000
2449768.5 1363.954000
2449769.5 1363.937000
2449770.5 1364.033000
2449771.5 1364.156000
2449772.5 1364.246000
2449773.5 1364.294000
2449774.5 1364.276000
2449775.5 1364.185000
2449776.5 1364.050000
2449777.5 1363.789000
2449778.5 1363.699000
2449779.5 1363.641000
2449780.5 1363.771000
2449781.5 1363.943000
2449782.5 1364.022000
2449783.5 1364.066000
2449784.5 1364.125000
2449785.5 1364.049000
2449786.5 1363.924000
2449787.5 1363.916000
2449788.5 1364.173000
2449789.5 1364.191000
2449790.5 1364.263000
2449791.5 1364.326000
2449792.5 1364.386000
2449793.5 1364.381000
2449794.5 1364.329000
2449795.5 1364.278000
2449796.5 1364.226000
2449797.5 1364.186000
2449798.5 1364.158000
2449799.5 1364.158000
2449800.5 1364.551000
2449801.5 1364.555000
2449802.5 1364.536000
2449803.5 1364.304000
2449804.5 1364.225000
2449805.5 1364.155000
2449813.5 1364.271000
2449814.5 1364.162000
2449815.5 1364.142000
2449816.5 1364.171000
2449817.5 1364.183000
2449818.5 1364.289000
2449819.5 1364.339000
2449820.5 1364.283000
2449821.5 1364.150000
2449822.5 1364.038000
2449823.5 1364.027000
2449824.5 1364.043000
2449828.5 1364.530000
2449829.5 1364.400000
2449830.5 1364.249000
2449831.5 1364.222000
2449832.5 1364.154000
2449833.5 1364.168000
2449834.5 1364.153000
2449835.5 1364.105000
2449836.5 1364.098000
2449837.5 1364.068000
2449838.5 1364.018000
2449839.5 1364.014000
2449840.5 1363.979000
2449841.5 1363.971000
2449842.5 1363.934000
2449843.5 1363.963000
2449844.5 1364.014000
2449845.5 1364.091000
2449846.5 1364.110000
2449847.5 1364.118000
2449848.5 1364.075000
2449849.5 1364.027000
2449850.5 1363.940000
2449851.5 1363.998000
2449852.5 1363.951000
2449861.5 1364.336000
2449862.5 1364.285000
2449863.5 1364.216000
2449864.5 1364.182000
2449865.5 1364.158000
2449866.5 1364.161000
2449867.5 1364.112000
2449868.5 1364.107000
2449869.5 1364.068000
2449870.5 1364.098000
2449871.5 1364.123000
2449872.5 1364.161000
2449873.5 1364.149000
2449874.5 1364.185000
2449875.5 1364.181000
2449876.5 1364.112000
2449877.5 1364.017000
2449878.5 1364.062000
2449879.5 1364.126000
2449880.5 1364.202000
2449881.5 1364.296000
2449882.5 1364.241000
2449883.5 1364.127000
2449884.5 1364.053000
2449885.5 1364.018000
2449886.5 1364.022000
2449887.5 1364.070000
2449888.5 1364.087000
2449889.5 1364.044000
2449890.5 1364.006000
2449891.5 1364.019000
2449892.5 1363.999000
2449893.5 1364.027000
2449894.5 1364.063000
2449895.5 1364.090000
2449896.5 1364.125000
2449897.5 1364.142000
2449901.5 1364.059000
2449902.5 1363.977000
2449903.5 1363.906000
2449904.5 1363.947000
2449905.5 1363.991000
2449906.5 1364.021000
2449907.5 1364.088000
2449908.5 1364.121000
2449909.5 1364.115000
2449910.5 1364.108000
2449911.5 1364.095000
2449912.5 1364.048000
2449913.5 1363.961000
2449914.5 1363.993000
2449915.5 1364.029000
2449916.5 1364.079000
2449917.5 1364.126000
2449918.5 1364.135000
2449919.5 1364.128000
2449920.5 1364.028000
2449921.5 1364.139000
2449922.5 1364.147000
2449923.5 1364.161000
2449924.5 1364.157000
2449925.5 1364.175000
2449926.5 1364.215000
2449927.5 1364.242000
2449930.5 1364.531000
2449931.5 1364.231000
2449932.5 1364.226000
2449933.5 1364.258000
2449934.5 1364.234000
2449935.5 1364.222000
2449936.5 1364.243000
2449937.5 1364.197000
2449938.5 1364.162000
2449939.5 1364.119000
2449940.5 1364.174000
2449941.5 1364.192000
2449942.5 1364.121000
2449943.5 1364.075000
2449944.5 1364.019000
2449945.5 1364.032000
2449946.5 1364.047000
2449947.5 1364.028000
2449948.5 1364.041000
2449949.5 1364.069000
2449950.5 1364.063000
2449951.5 1364.036000
2449952.5 1364.008000
2449953.5 1363.934000
2449954.5 1364.013000
2449955.5 1364.159000
2449956.5 1364.259000
2449957.5 1364.326000
2449958.5 1364.292000
2449959.5 1364.288000
2449960.5 1364.284000
2449961.5 1364.137000
2449962.5 1364.258000
2449963.5 1364.299000
2449964.5 1364.306000
2449965.5 1364.312000
2449966.5 1364.313000
2449967.5 1364.330000
2449969.5 1364.071000
2449970.5 1364.008000
2449971.5 1364.016000
2449972.5 1364.053000
2449973.5 1364.067000
2449974.5 1364.091000
2449975.5 1364.164000
2449976.5 1364.118000
2449977.5 1364.075000
2449978.5 1364.085000
2449979.5 1364.105000
2449980.5 1364.137000
2449981.5 1364.167000
2449982.5 1364.188000
2449983.5 1364.159000
2449984.5 1364.173000
2449985.5 1364.151000
2449986.5 1364.146000
2449987.5 1364.117000
2449988.5 1364.141000
2449989.5 1364.159000
2449990.5 1364.148000
2449991.5 1364.092000
2449992.5 1363.915000
2449993.5 1363.993000
2449994.5 1363.981000
2449995.5 1363.973000
2449996.5 1363.972000
2449997.5 1363.948000
2449998.5 1363.946000
2449999.5 1363.912000
2450000.5 1363.858000
2450001.5 1363.766000
2450002.5 1363.653000
2450003.5 1363.523000
2450009.5 1364.197000
2450012.5 1364.201000
2450013.5 1364.112000
2450014.5 1364.146000
2450015.5 1364.005000
2450016.5 1364.127000
2450017.5 1364.187000
2450018.5 1364.166000
2450019.5 1364.128000
2450020.5 1364.155000
2450021.5 1364.078000
2450022.5 1364.131000
2450023.5 1364.099000
2450024.5 1364.103000
2450025.5 1364.076000
2450026.5 1364.106000
2450027.5 1364.225000
2450028.5 1364.162000
2450029.5 1364.206000
2450030.5 1364.123000
2450031.5 1364.020000
2450032.5 1364.021000
2450033.5 1364.029000
2450034.5 1364.021000
2450035.5 1364.068000
2450036.5 1364.058000
2450037.5 1364.111000
2450038.5 1364.021000
2450039.5 1364.092000
2450040.5 1364.094000
2450041.5 1364.064000
2450042.5 1364.089000
2450043.5 1363.979000
2450044.5 1364.085000
2450045.5 1363.908000
2450046.5 1363.949000
2450047.5 1363.886000
2450048.5 1363.999000
2450049.5 1364.021000
2450050.5 1363.987000
2450051.5 1363.815000
2450052.5 1363.900000
2450053.5 1363.812000
2450054.5 1363.821000
2450055.5 1363.786000
2450056.5 1363.813000
2450057.5 1363.708000
2450058.5 1363.789000
2450059.5 1363.716000
2450060.5 1363.746000
2450061.5 1363.733000
2450062.5 1363.716000
2450063.5 1363.732000
2450064.5 1363.750000
2450065.5 1363.798000
2450066.5 1363.761000
2450067.5 1363.762000
2450068.5 1363.749000
2450069.5 1363.696000
2450070.5 1363.696000
2450071.5 1363.758000
2450072.5 1363.652000
2450073.5 1363.750000
2450074.5 1363.820000
2450075.5 1363.815000
2450076.5 1363.705000
2450077.5 1363.758000
2450078.5 1364.097000
2450080.5 1364.262000
2450081.5 1364.191000
2450083.5 1364.282000
2450083.5 1364.181000
2450084.5 1364.244000
2450085.5 1364.145000
2450086.5 1364.009000
2450087.5 1363.937000
2450088.5 1364.060000
2450089.5 1364.038000
2450090.5 1364.033000
2450091.5 1364.072000
2450092.5 1364.028000
2450093.5 1363.972000
2450094.5 1363.923000
2450095.5 1363.877000
2450096.5 1363.900000
2450097.5 1363.924000
2450098.5 1363.916000
2450099.5 1363.888000
2450100.5 1363.910000
2450101.5 1363.880000
2450102.5 1363.923000
2450103.5 1363.895000
2450104.5 1363.897000
2450105.5 1363.955000
2450106.5 1363.908000
2450107.5 1363.834000
2450108.5 1364.004000
2450109.5 1363.985000
2450110.5 1363.989000
2450111.5 1364.031000
2450112.5 1364.000000
2450113.5 1363.969000
2450114.5 1363.962000
2450115.5 1363.945000
2450125.5 1363.847000
2450126.5 1363.745000
2450127.5 1363.689000
2450128.5 1363.707000
2450129.5 1363.743000
2450130.5 1363.748000
2450131.5 1363.711000
2450132.5 1363.733000
2450133.5 1363.856000
2450134.5 1363.912000
2450135.5 1363.907000
2450136.5 1363.892000
2450137.5 1363.816000
2450138.5 1363.831000
2450139.5 1363.907000
2450140.5 1363.910000
2450141.5 1363.904000
2450142.5 1363.919000
2450143.5 1363.956000
2450144.5 1363.872000
2450145.5 1363.853000
2450146.5 1363.908000
2450147.5 1363.852000
2450149.5 1363.798000
2450150.5 1363.763000
2450151.5 1363.830000
2450152.5 1363.763000
2450153.5 1363.855000
2450154.5 1363.681000
2450155.5 1363.760000
2450156.5 1363.802000
2450157.5 1363.836000
2450158.5 1363.916000
2450159.5 1363.958000
2450160.5 1364.000000
2450161.5 1363.990000
2450162.5 1363.950000
2450163.5 1363.956000
2450164.5 1363.883000
2450165.5 1363.885000
2450166.5 1363.908000
2450167.5 1363.948000
2450168.5 1363.937000
2450169.5 1363.962000
2450170.5 1364.030000
2450171.5 1363.987000
2450172.5 1363.970000
2450173.5 1363.968000
2450174.5 1363.814000
2450175.5 1363.832000
2450176.5 1363.910000
2450177.5 1363.923000
2450178.5 1363.880000
2450179.5 1363.908000
2450180.5 1363.943000
2450181.5 1363.940000
2450182.5 1363.899000
2450183.5 1363.900000
2450184.5 1363.844000
2450185.5 1363.819000
2450186.5 1363.823000
2450187.5 1363.741000
2450188.5 1363.821000
2450189.5 1363.780000
2450190.5 1363.816000
2450191.5 1363.780000
2450192.5 1363.883000
2450193.5 1363.814000
2450194.5 1363.708000
2450195.5 1363.829000
2450196.5 1363.774000
2450197.5 1363.820000
2450198.5 1363.850000
2450199.5 1363.850000
2450200.5 1363.828000
2450201.5 1363.839000
2450202.5 1363.862000
2450203.5 1363.835000
2450204.5 1363.881000
2450205.5 1363.933000
2450206.5 1363.906000
2450207.5 1363.923000
2450208.5 1363.922000
2450209.5 1363.942000
2450210.5 1363.980000
2450213.5 1364.127000
2450214.5 1363.994000
2450215.5 1364.023000
2450216.5 1364.088000
2450218.5 1364.406000
2450219.5 1364.336000
2450220.5 1364.299000
2450221.5 1364.196000
2450222.5 1364.169000
2450223.5 1363.979000
2450224.5 1364.013000
2450225.5 1363.855000
2450226.5 1363.986000
2450227.5 1363.898000
2450228.5 1363.947000
2450231.5 1363.983000
2450232.5 1363.894000
2450233.5 1363.829000
2450234.5 1363.869000
2450235.5 1363.865000
2450236.5 1363.868000
2450237.5 1363.854000
2450238.5 1363.938000
2450239.5 1364.007000
2450240.5 1363.935000
2450241.5 1363.886000
2450242.5 1363.916000
2450243.5 1363.950000
2450244.5 1364.021000
2450245.5 1364.027000
2450246.5 1363.997000
2450247.5 1364.033000
2450248.5 1364.014000
2450249.5 1363.959000
2450250.5 1363.946000
2450251.5 1363.948000
2450252.5 1363.894000
2450253.5 1363.971000
2450254.5 1363.990000
2450255.5 1363.990000
2450256.5 1364.001000
2450257.5 1363.960000
2450258.5 1363.990000
2450259.5 1363.872000
2450260.5 1363.761000
2450261.5 1363.829000
2450262.5 1363.897000
2450263.5 1363.998000
2450264.5 1364.025000
2450265.5 1364.063000
2450266.5 1364.112000
2450267.5 1364.119000
2450268.5 1364.100000
2450269.5 1364.077000
2450270.5 1364.039000
2450271.5 1364.034000
2450272.5 1363.778000
2450273.5 1363.676000
2450274.5 1363.768000
2450275.5 1363.868000
2450276.5 1364.007000
2450277.5 1363.975000
2450278.5 1363.919000
2450279.5 1363.950000
2450280.5 1363.954000
2450281.5 1363.935000
2450282.5 1363.960000
2450283.5 1363.990000
2450284.5 1363.991000
2450285.5 1363.968000
2450294.5 1364.097000
2450295.5 1363.961000
2450296.5 1363.763000
2450297.5 1363.833000
2450298.5 1363.795000
2450299.5 1363.778000
2450300.5 1363.969000
2450301.5 1364.088000
2450302.5 1364.104000
2450303.5 1363.996000
2450304.5 1363.910000
2450305.5 1363.894000
2450306.5 1363.816000
2450307.5 1363.812000
2450308.5 1363.893000
2450309.5 1363.865000
2450310.5 1363.837000
2450311.5 1363.818000
2450312.5 1363.811000
2450313.5 1363.836000
2450314.5 1363.904000
2450315.5 1363.912000
2450316.5 1363.904000
2450317.5 1363.919000
2450318.5 1363.981000
2450319.5 1364.099000
2450320.5 1364.217000
2450321.5 1364.233000
2450322.5 1364.166000
2450323.5 1364.166000
2450324.5 1364.145000
2450325.5 1364.175000
2450326.5 1364.173000
2450327.5 1364.239000
2450328.5 1364.247000
2450330.5 1363.965000
2450331.5 1363.902000
2450332.5 1363.843000
2450333.5 1363.868000
2450334.5 1363.857000
2450335.5 1363.857000
2450336.5 1363.844000
2450337.5 1363.840000
2450338.5 1363.784000
2450339.5 1363.823000
2450340.5 1363.831000
2450341.5 1363.789000
2450342.5 1363.801000
2450343.5 1363.807000
2450344.5 1363.851000
2450345.5 1363.836000
2450346.5 1363.850000
2450347.5 1363.972000
2450348.5 1364.052000
2450349.5 1364.076000
2450350.5 1364.052000
2450351.5 1364.059000
2450352.5 1364.047000
2450353.5 1364.017000
2450354.5 1364.026000
2450355.5 1364.021000
2450356.5 1364.020000
2450357.5 1363.956000
2450358.5 1363.872000
2450359.5 1363.894000
2450360.5 1363.962000
2450361.5 1363.889000
2450362.5 1363.886000
2450363.5 1363.871000
2450364.5 1363.982000
2450365.5 1364.035000
2450366.5 1364.001000
2450367.5 1364.095000
2450368.5 1364.082000
2450369.5 1363.996000
2450370.5 1364.023000
2450371.5 1364.055000
2450372.5 1364.000000
2450373.5 1364.072000
2450374.5 1364.094000
2450375.5 1364.104000
2450376.5 1364.146000
2450377.5 1364.038000
2450378.5 1364.087000
2450379.5 1364.058000
2450380.5 1364.071000
2450381.5 1364.050000
2450382.5 1364.011000
2450383.5 1364.039000
2450384.5 1364.003000
2450385.5 1363.961000
2450386.5 1363.910000
2450387.5 1363.871000
2450388.5 1363.867000
2450389.5 1363.887000
2450390.5 1363.872000
2450391.5 1363.877000
2450392.5 1363.783000
2450393.5 1363.884000
2450394.5 1363.829000
2450395.5 1363.869000
2450396.5 1363.879000
2450397.5 1363.830000
2450398.5 1363.958000
2450399.5 1363.994000
2450400.5 1363.986000
2450401.5 1363.959000
2450402.5 1364.055000
2450403.5 1363.973000
2450404.5 1364.113000
2450405.5 1364.054000
2450406.5 1364.000000
2450407.5 1364.016000
2450408.5 1364.027000
2450409.5 1363.927000
2450410.5 1363.586000
2450411.5 1363.264000
2450412.5 1362.847000
2450413.5 1362.917000
2450414.5 1363.012000
2450415.5 1363.073000
2450416.5 1363.329000
2450417.5 1363.630000
2450418.5 1363.742000
2450419.5 1363.753000
2450420.5 1363.679000
2450421.5 1363.664000
2450422.5 1363.616000
2450423.5 1363.685000
2450424.5 1363.720000
2450425.5 1363.705000
2450426.5 1363.744000
2450427.5 1363.772000
2450428.5 1363.802000
2450429.5 1363.780000
2450430.5 1363.976000
2450431.5 1363.997000
2450432.5 1363.889000
2450433.5 1363.894000
2450434.5 1363.947000
2450435.5 1363.966000
2450436.5 1364.020000
2450437.5 1364.077000
2450438.5 1364.061000
2450439.5 1364.178000
2450440.5 1364.204000
2450441.5 1364.244000
2450442.5 1364.112000
2450443.5 1364.122000
2450444.5 1364.154000
2450445.5 1363.991000
2450446.5 1363.975000
2450447.5 1363.901000
2450449.5 1364.022000
2450449.5 1364.065000
2450450.5 1364.052000
2450451.5 1364.114000
2450452.5 1364.154000
2450453.5 1364.083000
2450454.5 1364.085000
2450455.5 1364.028000
2450456.5 1364.186000
2450457.5 1364.122000
2450458.5 1364.253000
2450459.5 1364.159000
2450460.5 1364.196000
2450461.5 1364.175000
2450462.5 1364.176000
2450463.5 1364.148000
2450464.5 1364.014000
2450465.5 1364.159000
2450466.5 1364.129000
2450467.5 1364.138000
2450468.5 1364.022000
2450469.5 1364.060000
2450470.5 1364.028000
2450471.5 1363.951000
2450472.5 1364.051000
2450473.5 1364.017000
2450474.5 1363.848000
2450475.5 1363.980000
2450476.5 1364.003000
2450477.5 1363.939000
2450478.5 1363.983000
2450479.5 1363.988000
2450480.5 1363.994000
2450481.5 1363.972000
2450482.5 1363.808000
2450483.5 1363.860000
2450484.5 1363.989000
2450485.5 1364.010000
2450486.5 1364.034000
2450487.5 1363.935000
2450488.5 1363.967000
2450489.5 1363.874000
2450490.5 1363.920000
2450491.5 1363.903000
2450492.5 1363.914000
2450493.5 1363.883000
2450494.5 1363.929000
2450495.5 1363.881000
2450496.5 1363.939000
2450497.5 1363.939000
2450498.5 1363.868000
2450499.5 1363.754000
2450500.5 1363.877000
2450501.5 1363.870000
2450502.5 1363.894000
2450503.5 1363.941000
2450504.5 1363.918000
2450505.5 1363.950000
2450506.5 1363.979000
2450507.5 1363.931000
2450508.5 1364.209000
2450509.5 1364.104000
2450510.5 1364.154000
2450511.5 1364.115000
2450512.5 1364.136000
2450513.5 1364.099000
2450514.5 1364.100000
2450515.5 1364.102000
2450516.5 1364.206000
2450517.5 1364.098000
2450518.5 1364.094000
2450519.5 1363.994000
2450520.5 1364.068000
2450521.5 1363.861000
2450522.5 1364.030000
2450523.5 1364.085000
2450524.5 1364.070000
2450525.5 1364.035000
2450526.5 1363.926000
2450527.5 1363.858000
2450528.5 1363.909000
2450529.5 1363.915000
2450530.5 1363.756000
2450531.5 1363.950000
2450532.5 1363.923000
2450533.5 1363.924000
2450534.5 1364.006000
2450535.5 1364.035000
2450536.5 1363.956000
2450537.5 1363.961000
2450538.5 1363.965000
2450539.5 1364.215000
2450540.5 1364.229000
2450541.5 1364.243000
2450542.5 1364.407000
2450543.5 1364.455000
2450544.5 1364.458000
2450545.5 1364.181000
2450546.5 1364.175000
2450547.5 1364.059000
2450548.5 1363.943000
2450549.5 1364.046000
2450550.5 1364.170000
2450551.5 1364.091000
2450552.5 1364.004000
2450553.5 1364.008000
2450554.5 1363.931000
2450555.5 1363.978000
2450556.5 1364.031000
2450557.5 1363.970000
2450558.5 1363.983000
2450559.5 1364.044000
2450560.5 1364.019000
2450561.5 1364.032000
2450562.5 1364.017000
2450563.5 1364.111000
2450564.5 1364.077000
2450565.5 1364.103000
2450566.5 1364.154000
2450567.5 1364.018000
2450568.5 1364.239000
2450569.5 1364.215000
2450570.5 1364.259000
2450571.5 1364.209000
2450572.5 1364.233000
2450573.5 1364.297000
2450574.5 1364.269000
2450575.5 1364.285000
2450576.5 1364.227000
2450577.5 1364.268000
2450578.5 1364.066000
2450579.5 1364.095000
2450580.5 1364.056000
2450581.5 1363.929000
2450582.5 1364.085000
2450583.5 1364.100000
2450584.5 1364.056000
2450585.5 1364.093000
2450586.5 1364.079000
2450587.5 1364.013000
2450588.5 1363.966000
2450589.5 1363.857000
2450590.5 1364.012000
2450591.5 1364.116000
2450592.5 1364.184000
2450593.5 1364.224000
2450594.5 1364.211000
2450595.5 1364.147000
2450596.5 1364.167000
2450597.5 1364.234000
2450598.5 1364.259000
2450600.5 1364.175000
2450601.5 1364.086000
2450602.5 1363.964000
2450603.5 1364.055000
2450604.5 1364.011000
2450605.5 1364.121000
2450606.5 1364.137000
2450607.5 1364.116000
2450608.5 1364.025000
2450609.5 1364.014000
2450610.5 1364.028000
2450611.5 1364.092000
2450612.5 1363.959000
2450613.5 1363.990000
2450614.5 1364.091000
2450615.5 1363.974000
2450616.5 1364.095000
2450617.5 1364.125000
2450618.5 1364.137000
2450619.5 1364.038000
2450620.5 1364.110000
2450621.5 1364.098000
2450622.5 1364.003000
2450623.5 1364.059000
2450624.5 1363.999000
2450625.5 1364.069000
2450626.5 1364.126000
2450627.5 1364.159000
2450628.5 1364.110000
2450629.5 1364.009000
2450630.5 1364.020000
2450631.5 1364.014000
2450632.5 1364.002000
2450633.5 1363.955000
2450634.5 1363.963000
2450635.5 1363.985000
2450636.5 1363.983000
2450637.5 1364.019000
2450638.5 1363.974000
2450639.5 1363.943000
2450640.5 1363.984000
2450641.5 1363.993000
2450642.5 1363.909000
2450643.5 1363.920000
2450644.5 1363.965000
2450645.5 1363.975000
2450646.5 1363.987000
2450647.5 1364.084000
2450648.5 1364.038000
2450649.5 1364.149000
2450650.5 1364.357000
2450651.5 1364.296000
2450652.5 1364.307000
2450653.5 1364.372000
2450654.5 1364.369000
2450655.5 1364.437000
2450656.5 1364.424000
2450657.5 1364.418000
2450658.5 1364.405000
2450659.5 1364.353000
2450660.5 1364.331000
2450661.5 1364.195000
2450662.5 1364.186000
2450663.5 1364.230000
2450664.5 1364.113000
2450665.5 1364.204000
2450666.5 1364.124000
2450667.5 1364.135000
2450668.5 1364.066000
2450669.5 1364.118000
2450670.5 1364.107000
2450671.5 1364.183000
2450672.5 1364.151000
2450673.5 1364.260000
2450674.5 1364.351000
2450675.5 1364.319000
2450676.5 1364.261000
2450677.5 1364.330000
2450678.5 1364.323000
2450679.5 1364.326000
2450680.5 1364.349000
2450681.5 1364.391000
2450682.5 1364.417000
2450683.5 1364.378000
2450684.5 1364.383000
2450685.5 1364.515000
2450686.5 1364.583000
2450687.5 1364.488000
2450688.5 1364.415000
2450689.5 1364.331000
2450690.5 1364.181000
2450691.5 1364.116000
2450692.5 1364.203000
2450693.5 1364.416000
2450694.5 1364.591000
2450695.5 1364.440000
2450696.5 1364.296000
2450697.5 1364.092000
2450698.5 1363.937000
2450699.5 1363.703000
2450700.5 1363.502000
2450701.5 1363.479000
2450702.5 1363.614000
2450703.5 1363.717000
2450704.5 1363.877000
2450705.5 1364.087000
2450706.5 1364.132000
2450707.5 1364.175000
2450708.5 1364.189000
2450709.5 1364.168000
2450710.5 1364.162000
2450711.5 1364.253000
2450712.5 1364.250000
2450713.5 1364.489000
2450714.5 1364.293000
2450715.5 1364.242000
2450716.5 1364.109000
2450717.5 1364.234000
2450718.5 1364.303000
2450719.5 1364.403000
2450720.5 1364.496000
2450721.5 1364.490000
2450722.5 1364.555000
2450723.5 1364.593000
2450724.5 1364.505000
2450725.5 1364.389000
2450726.5 1364.467000
2450727.5 1364.429000
2450728.5 1364.480000
2450729.5 1364.522000
2450730.5 1364.436000
2450731.5 1364.510000
2450732.5 1364.377000
2450733.5 1364.411000
2450734.5 1364.361000
2450735.5 1364.279000
2450736.5 1364.237000
2450737.5 1364.209000
2450738.5 1364.163000
2450739.5 1364.250000
2450740.5 1364.159000
2450748.5 1364.386000
2450749.5 1364.303000
2450750.5 1364.255000
2450751.5 1364.131000
2450752.5 1364.144000
2450753.5 1364.149000
2450754.5 1364.095000
2450755.5 1363.776000
2450756.5 1363.840000
2450757.5 1363.921000
2450758.5 1364.137000
2450759.5 1364.259000
2450760.5 1364.387000
2450761.5 1364.419000
2450762.5 1364.303000
2450763.5 1364.217000
2450764.5 1364.194000
2450765.5 1364.215000
2450766.5 1364.232000
2450767.5 1364.211000
2450768.5 1364.132000
2450769.5 1364.018000
2450770.5 1363.877000
2450771.5 1363.905000
2450772.5 1363.928000
2450773.5 1363.897000
2450774.5 1363.868000
2450775.5 1364.220000
2450776.5 1364.407000
2450777.5 1364.485000
2450778.5 1364.421000
2450779.5 1364.315000
2450780.5 1364.264000
2450781.5 1364.019000
2450782.5 1364.035000
2450783.5 1363.923000
2450784.5 1363.883000
2450785.5 1363.905000
2450786.5 1364.073000
2450787.5 1364.152000
2450788.5 1364.369000
2450789.5 1364.265000
2450790.5 1364.254000
2450791.5 1364.081000
2450792.5 1363.999000
2450793.5 1364.032000
2450794.5 1363.984000
2450795.5 1364.077000
2450796.5 1364.050000
2450797.5 1364.147000
2450798.5 1364.042000
2450799.5 1364.049000
2450800.5 1364.113000
2450801.5 1364.058000
2450802.5 1364.272000
2450803.5 1364.377000
2450804.5 1364.358000
2450805.5 1364.213000
2450806.5 1364.249000
2450807.5 1364.254000
2450808.5 1364.226000
2450809.5 1364.318000
2450810.5 1364.322000
2450811.5 1364.362000
2450812.5 1364.387000
2450814.5 1364.500000
2450814.5 1364.544000
2450815.5 1364.565000
2450816.5 1364.576000
2450817.5 1364.584000
2450818.5 1364.486000
2450819.5 1364.410000
2450820.5 1364.397000
2450821.5 1364.324000
2450822.5 1364.391000
2450823.5 1364.422000
2450824.5 1364.411000
2450825.5 1364.328000
2450826.5 1364.248000
2450827.5 1364.231000
2450828.5 1364.219000
2450829.5 1364.200000
2450830.5 1364.216000
2450831.5 1364.324000
2450832.5 1364.411000
2450833.5 1364.232000
2450834.5 1364.366000
2450835.5 1364.370000
2450836.5 1364.409000
2450837.5 1364.372000
2450838.5 1364.308000
2450839.5 1364.301000
2450840.5 1364.276000
2450841.5 1364.264000
2450842.5 1364.224000
2450843.5 1364.291000
2450844.5 1364.274000
2450845.5 1364.244000
2450846.5 1364.194000
2450847.5 1364.128000
2450848.5 1364.066000
2450849.5 1363.959000
2450850.5 1364.007000
2450851.5 1364.085000
2450852.5 1364.087000
2450853.5 1364.055000
2450854.5 1364.148000
2450855.5 1364.216000
2450856.5 1364.163000
2450857.5 1364.022000
2450858.5 1363.988000
2450859.5 1363.889000
2450860.5 1363.838000
2450861.5 1363.927000
2450862.5 1363.968000
2450863.5 1364.137000
2450864.5 1364.307000
2450865.5 1364.444000
2450866.5 1364.468000
2450867.5 1364.486000
2450868.5 1364.455000
2450869.5 1364.334000
2450870.5 1364.626000
2450871.5 1364.555000
2450872.5 1364.652000
2450873.5 1364.487000
2450874.5 1364.375000
2450875.5 1364.295000
2450876.5 1364.300000
2450877.5 1364.313000
2450878.5 1364.417000
2450879.5 1364.432000
2450880.5 1364.382000
2450881.5 1364.315000
2450882.5 1364.427000
2450883.5 1364.564000
2450889.5 1363.987000
2450890.5 1364.183000
2450891.5 1364.427000
2450892.5 1364.648000
2450893.5 1364.799000
2450894.5 1364.741000
2450895.5 1364.631000
2450896.5 1364.396000
2450897.5 1364.337000
2450898.5 1364.338000
2450899.5 1364.394000
2450900.5 1364.368000
2450901.5 1364.461000
2450902.5 1364.394000
2450903.5 1364.380000
2450904.5 1364.364000
2450905.5 1364.426000
2450906.5 1364.277000
2450907.5 1364.315000
2450908.5 1364.197000
2450909.5 1364.314000
2450910.5 1364.500000
2450911.5 1364.545000
2450912.5 1364.532000
2450913.5 1364.412000
2450914.5 1364.446000
2450915.5 1364.655000
2450916.5 1364.756000
2450917.5 1364.860000
2450923.5 1364.707000
2450924.5 1364.587000
2450925.5 1364.629000
2450926.5 1364.659000
2450927.5 1364.572000
2450928.5 1364.594000
2450929.5 1364.626000
2450930.5 1364.524000
2450931.5 1364.486000
2450932.5 1364.379000
2450933.5 1364.319000
2450934.5 1364.109000
2450935.5 1363.977000
2450936.5 1363.925000
2450937.5 1364.025000
2450938.5 1363.959000
2450939.5 1364.476000
2450940.5 1364.682000
2450941.5 1364.781000
2450942.5 1364.844000
2450943.5 1364.784000
2450944.5 1364.768000
2450945.5 1364.742000
2450946.5 1364.799000
2450947.5 1364.781000
2450948.5 1364.723000
2450949.5 1364.534000
2450950.5 1364.646000
2450951.5 1364.706000
2450952.5 1364.622000
2450953.5 1364.668000
2450954.5 1364.678000
2450955.5 1364.687000
2450956.5 1364.510000
2450957.5 1364.233000
2450958.5 1364.165000
2450959.5 1364.243000
2450960.5 1364.413000
2450961.5 1364.410000
2450962.5 1364.313000
2450963.5 1364.372000
2450964.5 1364.406000
2450965.5 1364.432000
2450966.5 1364.308000
2450967.5 1364.549000
2450968.5 1364.649000
2450969.5 1364.645000
2450970.5 1364.572000
2450971.5 1364.535000
2450972.5 1364.620000
2450973.5 1364.723000
2450974.5 1364.748000
2450975.5 1364.793000
2450976.5 1364.928000
2450977.5 1364.917000
2450978.5 1365.017000
2450979.5 1364.968000
2450980.5 1364.844000
2450981.5 1364.769000
2450982.5 1364.787000
2450983.5 1364.718000
2450984.5 1364.663000
2450985.5 1364.616000
2450986.5 1364.639000
2450987.5 1364.795000
2450988.5 1364.776000
2450989.5 1364.676000
2450990.5 1364.545000
2450991.5 1364.640000
2450997.5 1365.123000
2450998.5 1365.007000
2450999.5 1365.026000
2451000.5 1364.904000
2451001.5 1365.082000
2451002.5 1365.102000
2451003.5 1365.208000
2451004.5 1365.098000
2451005.5 1365.194000
2451006.5 1365.190000
2451007.5 1365.094000
2451008.5 1364.963000
2451009.5 1364.779000
2451010.5 1364.798000
2451011.5 1364.766000
2451012.5 1364.874000
2451013.5 1364.914000
2451014.5 1364.916000
2451015.5 1364.803000
2451016.5 1364.733000
2451017.5 1364.761000
2451024.5 1364.845000
2451025.5 1364.895000
2451026.5 1364.826000
2451027.5 1364.987000
2451028.5 1364.906000
2451029.5 1364.809000
2451030.5 1364.772000
2451031.5 1364.540000
2451032.5 1364.512000
2451033.5 1364.486000
2451034.5 1364.189000
2451035.5 1364.036000
2451036.5 1364.096000
2451037.5 1364.030000
2451038.5 1364.091000
2451039.5 1364.069000
2451040.5 1364.056000
2451041.5 1364.393000
2451042.5 1364.631000
2451043.5 1364.837000
2451044.5 1364.881000
2451045.5 1364.847000
2451046.5 1364.670000
2451047.5 1364.665000
2451048.5 1364.738000
2451049.5 1364.758000
2451050.5 1364.973000
2451051.5 1364.973000
2451052.5 1364.977000
2451053.5 1364.872000
2451054.5 1364.705000
2451055.5 1364.449000
2451056.5 1364.450000
2451057.5 1364.182000
2451058.5 1363.965000
2451059.5 1363.893000
2451060.5 1364.040000
2451061.5 1364.268000
2451062.5 1364.445000
2451063.5 1364.544000
2451071.5 1365.014000
2451072.5 1364.970000
2451073.5 1364.930000
2451074.5 1365.018000
2451075.5 1364.829000
2451076.5 1364.757000
2451077.5 1364.660000
2451078.5 1364.458000
2451079.5 1364.434000
2451080.5 1364.502000
2451081.5 1364.675000
2451082.5 1364.824000
2451083.5 1364.952000
2451084.5 1365.079000
2451085.5 1365.228000
2451086.5 1365.159000
2451087.5 1365.062000
2451088.5 1364.963000
2451089.5 1364.959000
2451090.5 1364.836000
2451091.5 1364.902000
2451092.5 1364.751000
2451093.5 1364.667000
2451094.5 1364.746000
2451095.5 1364.746000
2451096.5 1364.692000
2451097.5 1364.674000
2451098.5 1364.810000
2451099.5 1364.848000
2451100.5 1364.713000
2451101.5 1364.641000
2451102.5 1364.597000
2451103.5 1364.688000
2451104.5 1364.761000
2451105.5 1364.768000
2451106.5 1364.829000
2451107.5 1364.605000
2451108.5 1364.636000
2451109.5 1364.734000
2451110.5 1364.877000
2451111.5 1364.872000
2451112.5 1364.827000
2451113.5 1364.776000
2451114.5 1364.701000
2451115.5 1364.686000
2451116.5 1364.779000
2451117.5 1364.885000
2451118.5 1365.003000
2451119.5 1364.848000
2451120.5 1364.831000
2451121.5 1364.631000
2451122.5 1364.735000
2451123.5 1364.656000
2451124.5 1364.678000
2451125.5 1364.488000
2451126.5 1364.635000
2451127.5 1364.638000
2451128.5 1364.607000
2451129.5 1364.596000
2451130.5 1364.538000
2451131.5 1364.626000
2451133.5 1364.465000
2451134.5 1364.386000
2451135.5 1364.628000
2451136.5 1364.705000
2451137.5 1364.716000
2451138.5 1364.673000
2451140.5 1364.584000
2451141.5 1364.680000
2451142.5 1364.751000
2451143.5 1364.851000
2451144.5 1364.808000
2451145.5 1364.853000
2451146.5 1364.781000
2451147.5 1364.673000
2451148.5 1364.749000
2451149.5 1364.828000
2451150.5 1364.953000
2451151.5 1364.928000
2451152.5 1364.789000
2451153.5 1364.741000
2451154.5 1364.553000
2451155.5 1364.506000
2451156.5 1364.634000
2451157.5 1364.919000
2451158.5 1364.952000
2451159.5 1364.689000
2451160.5 1364.513000
2451161.5 1364.398000
2451162.5 1364.590000
2451163.5 1364.778000
2451164.5 1365.072000
2451165.5 1365.139000
2451166.5 1365.079000
2451167.5 1364.982000
2451168.5 1365.062000
2451169.5 1365.093000
2451170.5 1365.299000
2451177.5 1364.838000
2451179.5 1364.905000
2451179.5 1364.940000
2451180.5 1365.096000
2451181.5 1365.180000
2451182.5 1365.197000
2451183.5 1365.031000
2451184.5 1365.119000
2451185.5 1365.138000
2451186.5 1365.048000
2451187.5 1364.892000
2451188.5 1364.945000
2451189.5 1364.866000
2451190.5 1364.837000
2451191.5 1364.941000
2451192.5 1364.810000
2451193.5 1364.763000
2451194.5 1364.617000
2451195.5 1364.436000
2451196.5 1364.450000
2451197.5 1364.441000
2451198.5 1364.608000
2451199.5 1364.954000
2451200.5 1365.275000
2451201.5 1365.316000
2451202.5 1364.914000
2451203.5 1365.451000
2451204.5 1365.429000
2451205.5 1365.376000
2451206.5 1365.350000
2451207.5 1365.270000
2451208.5 1365.116000
2451209.5 1365.027000
2451210.5 1364.942000
2451211.5 1364.849000
2451212.5 1364.789000
2451213.5 1364.560000
2451214.5 1364.700000
2451215.5 1364.650000
2451216.5 1364.736000
2451221.5 1363.967000
2451222.5 1363.699000
2451223.5 1363.481000
2451224.5 1363.672000
2451225.5 1364.068000
2451226.5 1364.548000
2451227.5 1364.961000
2451228.5 1365.154000
2451229.5 1365.261000
2451230.5 1365.386000
2451231.5 1365.347000
2451232.5 1365.305000
2451233.5 1365.134000
2451234.5 1365.242000
2451235.5 1365.073000
2451242.5 1364.762000
2451243.5 1364.837000
2451244.5 1364.877000
2451245.5 1364.949000
2451246.5 1365.028000
2451247.5 1365.078000
2451248.5 1365.032000
2451249.5 1365.013000
2451250.5 1364.782000
2451251.5 1364.525000
2451252.5 1364.684000
2451253.5 1364.873000
2451254.5 1365.079000
2451255.5 1365.152000
2451256.5 1365.352000
2451257.5 1365.304000
2451258.5 1365.188000
2451259.5 1365.224000
2451260.5 1365.125000
2451261.5 1365.092000
2451262.5 1364.971000
2451263.5 1364.988000
2451264.5 1364.972000
2451265.5 1364.873000
2451266.5 1364.901000
2451267.5 1364.892000
2451268.5 1364.895000
2451269.5 1364.856000
2451270.5 1364.798000
2451271.5 1364.788000
2451279.5 1365.319000
2451280.5 1364.965000
2451281.5 1365.323000
2451282.5 1365.357000
2451283.5 1365.240000
2451284.5 1365.105000
2451285.5 1365.022000
2451286.5 1365.025000
2451287.5 1364.850000
2451288.5 1364.607000
2451289.5 1364.573000
2451290.5 1364.513000
2451291.5 1364.527000
2451292.5 1364.677000
2451293.5 1364.609000
2451294.5 1364.558000
2451295.5 1364.547000
2451296.5 1364.506000
2451297.5 1364.580000
2451298.5 1364.619000
2451299.5 1365.091000
2451300.5 1365.116000
2451301.5 1365.257000
2451302.5 1365.292000
2451303.5 1365.277000
2451304.5 1365.421000
2451305.5 1365.387000
2451306.5 1365.471000
2451307.5 1365.414000
2451308.5 1365.274000
2451312.5 1365.068000
2451313.5 1365.030000
2451314.5 1364.937000
2451315.5 1364.799000
2451316.5 1364.574000
2451317.5 1364.435000
2451318.5 1364.361000
2451319.5 1364.341000
2451320.5 1364.447000
2451321.5 1364.608000
2451322.5 1364.731000
2451323.5 1364.858000
2451324.5 1364.908000
2451325.5 1364.982000
2451326.5 1365.000000
2451327.5 1365.101000
2451328.5 1364.982000
2451329.5 1364.730000
2451330.5 1364.383000
2451331.5 1364.544000
2451332.5 1364.676000
2451333.5 1364.997000
2451334.5 1365.277000
2451335.5 1365.326000
2451336.5 1365.346000
2451337.5 1365.214000
2451338.5 1364.939000
2451339.5 1364.806000
2451340.5 1364.787000
2451341.5 1364.761000
2451342.5 1364.662000
2451343.5 1364.726000
2451344.5 1364.764000
2451345.5 1364.801000
2451346.5 1364.834000
2451347.5 1364.925000
2451349.5 1365.140000
2451350.5 1365.151000
2451351.5 1365.240000
2451359.5 1365.200000
2451360.5 1365.174000
2451361.5 1365.183000
2451362.5 1365.184000
2451363.5 1365.336000
2451364.5 1365.060000
2451365.5 1364.879000
2451366.5 1364.792000
2451367.5 1364.897000
2451368.5 1365.117000
2451369.5 1365.138000
2451370.5 1365.251000
2451371.5 1365.254000
2451372.5 1365.123000
2451373.5 1365.103000
2451374.5 1364.983000
2451375.5 1365.010000
2451376.5 1365.215000
2451377.5 1365.331000
2451378.5 1365.261000
2451379.5 1365.143000
2451380.5 1364.955000
2451385.5 1364.829000
2451386.5 1365.092000
2451387.5 1365.186000
2451388.5 1365.023000
2451389.5 1364.685000
2451390.5 1364.568000
2451391.5 1364.190000
2451392.5 1364.002000
2451393.5 1364.421000
2451394.5 1364.781000
2451395.5 1365.131000
2451396.5 1365.365000
2451397.5 1365.476000
2451398.5 1365.486000
2451399.5 1365.317000
2451400.5 1365.207000
2451401.5 1365.107000
2451402.5 1365.242000
2451403.5 1365.381000
2451404.5 1365.431000
2451405.5 1365.301000
2451406.5 1365.171000
2451407.5 1365.020000
2451408.5 1364.930000
2451409.5 1364.879000
2451410.5 1365.043000
2451411.5 1365.222000
2451412.5 1365.266000
2451413.5 1365.209000
2451414.5 1365.246000
2451415.5 1365.332000
2451416.5 1365.069000
2451417.5 1364.959000
2451418.5 1364.916000
2451419.5 1364.994000
2451420.5 1365.215000
2451421.5 1365.478000
2451422.5 1364.094000
2451423.5 1365.511000
2451424.5 1365.206000
2451425.5 1365.371000
2451426.5 1365.398000
2451427.5 1365.161000
2451428.5 1365.145000
2451429.5 1365.103000
2451430.5 1365.070000
2451431.5 1365.031000
2451432.5 1364.893000
2451433.5 1364.689000
2451434.5 1364.450000
2451435.5 1364.241000
2451436.5 1364.396000
2451437.5 1364.756000
2451438.5 1365.117000
2451439.5 1365.403000
2451440.5 1365.409000
2451441.5 1365.412000
2451442.5 1365.408000
2451443.5 1365.351000
2451444.5 1365.366000
2451445.5 1365.512000
2451446.5 1365.331000
2451447.5 1365.474000
2451448.5 1365.501000
2451449.5 1365.413000
2451450.5 1365.490000
2451451.5 1365.407000
2451452.5 1365.433000
2451453.5 1365.348000
2451454.5 1365.421000
2451455.5 1365.265000
2451456.5 1365.020000
2451457.5 1364.963000
2451458.5 1365.120000
2451459.5 1365.277000
2451460.5 1365.360000
2451461.5 1365.317000
2451462.5 1365.265000
2451463.5 1364.951000
2451464.5 1364.655000
2451465.5 1364.239000
2451466.5 1363.975000
2451467.5 1363.988000
2451468.5 1364.168000
2451469.5 1364.509000
2451470.5 1364.902000
2451471.5 1365.292000
2451472.5 1364.936000
2451473.5 1364.874000
2451474.5 1364.493000
2451475.5 1364.308000
2451476.5 1364.059000
2451477.5 1363.834000
2451478.5 1364.032000
2451479.5 1364.098000
2451480.5 1364.156000
2451481.5 1364.327000
2451482.5 1364.692000
2451483.5 1364.882000
2451484.5 1364.717000
2451485.5 1364.836000
2451486.5 1364.872000
2451487.5 1364.799000
2451488.5 1365.113000
2451489.5 1365.748000
2451490.5 1364.623000
2451491.5 1364.110000
2451492.5 1363.687000
2451493.5 1363.756000
2451494.5 1364.034000
2451495.5 1364.277000
2451496.5 1364.107000
2451497.5 1363.828000
2451498.5 1363.544000
2451499.5 1363.588000
2451500.5 1363.800000
2451501.5 1364.142000
2451502.5 1364.500000
2451503.5 1364.837000
2451504.5 1364.889000
2451505.5 1364.682000
2451506.5 1364.703000
2451507.5 1364.626000
2451508.5 1364.841000
2451509.5 1364.977000
2451510.5 1365.387000
2451511.5 1364.687000
2451512.5 1364.648000
2451513.5 1364.601000
2451514.5 1364.836000
2451515.5 1364.885000
2451516.5 1364.912000
2451517.5 1364.784000
2451518.5 1364.750000
2451519.5 1364.550000
2451520.5 1364.522000
2451521.5 1364.748000
2451522.5 1364.946000
2451523.5 1365.193000
2451524.5 1365.053000
2451525.5 1365.409000
2451526.5 1365.723000
2451527.5 1365.703000
2451528.5 1365.367000
2451529.5 1365.081000
2451530.5 1365.022000
2451531.5 1364.965000
2451532.5 1364.305000
2451533.5 1363.818000
2451534.5 1363.690000
2451535.5 1363.996000
2451536.5 1364.198000
2451537.5 1364.352000
2451538.5 1362.762000
2451539.5 1364.846000
2451540.5 1365.027000
2451541.5 1364.880000
2451542.5 1364.540000
2451544.5 1364.929000
2451544.5 1364.711000
2451545.5 1364.298000
2451546.5 1365.130000
2451547.5 1365.454000
2451548.5 1365.073000
2451549.5 1364.884000
2451550.5 1365.376000
2451551.5 1365.316000
2451552.5 1365.421000
2451553.5 1365.213000
2451554.5 1365.251000
2451555.5 1364.987000
2451556.5 1365.005000
2451557.5 1365.193000
2451558.5 1365.076000
2451559.5 1365.029000
2451560.5 1364.858000
2451561.5 1364.980000
2451562.5 1365.105000
2451563.5 1364.921000
2451564.5 1364.994000
2451565.5 1365.146000
2451566.5 1365.159000
2451567.5 1364.883000
2451568.5 1364.926000
2451569.5 1364.798000
2451570.5 1365.028000
2451571.5 1365.086000
2451572.5 1364.897000
2451573.5 1364.830000
2451574.5 1364.808000
2451575.5 1365.276000
2451576.5 1365.382000
2451577.5 1365.303000
2451581.5 1365.030000
2451582.5 1365.703000
2451583.5 1365.567000
2451584.5 1365.456000
2451585.5 1365.656000
2451586.5 1365.180000
2451587.5 1365.571000
2451588.5 1365.470000
2451589.5 1365.741000
2451590.5 1365.097000
2451591.5 1365.575000
2451593.5 1365.174000
2451594.5 1364.974000
2451595.5 1365.020000
2451596.5 1364.846000
2451597.5 1364.917000
2451598.5 1364.540000
2451599.5 1364.185000
2451600.5 1364.071000
2451601.5 1363.933000
2451602.5 1364.039000
2451603.5 1363.298000
2451604.5 1363.552000
2451605.5 1364.329000
2451606.5 1364.620000
2451607.5 1365.249000
2451608.5 1364.767000
2451609.5 1364.966000
2451610.5 1364.711000
2451611.5 1364.793000
2451612.5 1364.689000
2451613.5 1364.835000
2451614.5 1364.291000
2451615.5 1364.671000
2451616.5 1364.609000
2451617.5 1364.636000
2451618.5 1364.758000
2451619.5 1365.154000
2451620.5 1364.774000
2451621.5 1365.048000
2451622.5 1364.039000
2451623.5 1364.604000
2451624.5 1364.553000
2451625.5 1364.105000
2451626.5 1364.750000
2451627.5 1364.737000
2451628.5 1365.194000
2451629.5 1364.988000
2451630.5 1365.241000
2451631.5 1365.183000
2451632.5 1365.158000
2451633.5 1365.355000
2451634.5 1365.217000
2451635.5 1365.405000
2451636.5 1365.496000
2451637.5 1365.165000
2451638.5 1365.003000
2451639.5 1365.246000
2451640.5 1365.453000
2451641.5 1365.330000
2451642.5 1365.469000
2451643.5 1365.443000
2451644.5 1365.198000
2451645.5 1365.510000
2451646.5 1365.457000
2451647.5 1365.338000
2451648.5 1365.056000
2451649.5 1365.180000
2451650.5 1365.188000
2451651.5 1365.272000
2451652.5 1365.047000
2451653.5 1365.195000
2451654.5 1365.390000
2451655.5 1365.017000
2451656.5 1364.801000
2451657.5 1364.084000
2451658.5 1363.274000
2451659.5 1363.295000
2451660.5 1364.100000
2451661.5 1364.220000
2451662.5 1364.264000
2451663.5 1364.417000
2451664.5 1364.779000
2451665.5 1365.316000
2451666.5 1365.290000
2451667.5 1365.515000
2451668.5 1365.756000
2451669.5 1365.650000
2451670.5 1365.261000
2451671.5 1365.497000
2451672.5 1365.709000
2451673.5 1365.591000
2451674.5 1365.374000
2451675.5 1364.865000
2451676.5 1364.912000
2451677.5 1364.745000
2451678.5 1364.706000
2451679.5 1364.589000
2451680.5 1364.354000
2451681.5 1363.968000
2451682.5 1363.753000
2451683.5 1363.575000
2451684.5 1363.258000
2451685.5 1364.149000
2451686.5 1364.421000
2451687.5 1365.106000
2451688.5 1365.211000
2451689.5 1365.270000
2451690.5 1365.572000
2451691.5 1365.335000
2451692.5 1365.110000
2451693.5 1364.752000
2451694.5 1364.333000
2451695.5 1364.522000
2451696.5 1364.899000
2451697.5 1365.163000
2451698.5 1365.151000
2451699.5 1364.970000
2451700.5 1365.172000
2451701.5 1364.887000
2451702.5 1364.678000
2451704.5 1365.054000
2451705.5 1365.087000
2451706.5 1364.829000
2451707.5 1365.127000
2451708.5 1364.812000
2451709.5 1365.196000
2451710.5 1365.207000
2451711.5 1365.372000
2451712.5 1365.233000
2451713.5 1365.139000
2451714.5 1364.693000
2451715.5 1364.899000
2451716.5 1365.154000
2451717.5 1365.588000
2451718.5 1364.949000
2451719.5 1365.259000
2451720.5 1364.966000
2451721.5 1364.509000
2451722.5 1364.664000
2451723.5 1364.529000
2451724.5 1364.283000
2451725.5 1364.611000
2451726.5 1365.012000
2451727.5 1365.198000
2451731.5 1364.776000
2451732.5 1364.966000
2451733.5 1364.981000
2451734.5 1364.729000
2451735.5 1364.507000
2451736.5 1364.448000
2451737.5 1364.252000
2451738.5 1364.367000
2451739.5 1365.349000
2451740.5 1365.432000
2451741.5 1364.775000
2451742.5 1365.440000
2451743.5 1365.136000
2451744.5 1364.881000
2451745.5 1364.559000
2451746.5 1364.601000
2451747.5 1364.525000
2451748.5 1364.635000
2451749.5 1364.639000
2451750.5 1364.818000
2451751.5 1365.081000
2451752.5 1365.351000
2451753.5 1365.397000
2451754.5 1365.281000
2451755.5 1365.532000
2451756.5 1365.976000
2451757.5 1365.691000
2451758.5 1365.708000
2451759.5 1365.577000
2451760.5 1366.089000
2451761.5 1365.676000
2451762.5 1365.721000
2451763.5 1365.683000
2451764.5 1364.894000
2451765.5 1365.243000
2451766.5 1365.363000
2451767.5 1365.473000
2451768.5 1366.196000
2451769.5 1366.089000
2451772.5 1365.474000
2451773.5 1365.348000
2451774.5 1365.372000
2451775.5 1365.620000
2451776.5 1365.679000
2451777.5 1365.403000
2451778.5 1365.497000
2451779.5 1365.388000
2451780.5 1365.266000
2451781.5 1365.170000
2451782.5 1365.330000
2451783.5 1365.231000
2451784.5 1364.791000
2451785.5 1365.159000
2451786.5 1365.465000
2451787.5 1365.462000
2451788.5 1365.628000
2451789.5 1365.084000
2451790.5 1365.154000
2451791.5 1365.244000
2451792.5 1364.812000
2451793.5 1365.350000
2451794.5 1365.721000
2451795.5 1365.905000
2451796.5 1365.890000
2451797.5 1366.077000
2451798.5 1365.796000
2451799.5 1365.642000
2451800.5 1365.618000
2451801.5 1365.214000
2451802.5 1365.128000
2451803.5 1365.384000
2451807.5 1363.884000
2451808.5 1363.134000
2451809.5 1362.942000
2451810.5 1363.090000
2451811.5 1362.982000
2451812.5 1364.168000
2451813.5 1364.539000
2451814.5 1365.335000
2451815.5 1365.711000
2451816.5 1365.424000
2451817.5 1365.046000
2451818.5 1364.956000
2451819.5 1364.835000
2451820.5 1365.194000
2451821.5 1365.440000
2451822.5 1365.696000
2451823.5 1365.923000
2451824.5 1365.525000
2451825.5 1365.719000
2451826.5 1365.474000
2451827.5 1365.239000
2451828.5 1365.603000
2451829.5 1365.648000
2451830.5 1365.743000
2451831.5 1365.722000
2451832.5 1365.452000
2451833.5 1365.316000
2451834.5 1365.685000
2451835.5 1365.221000
2451836.5 1365.390000
2451837.5 1365.309000
2451838.5 1365.248000
2451842.5 1365.743000
2451843.5 1365.903000
2451844.5 1365.300000
2451845.5 1365.203000
2451846.5 1365.671000
2451847.5 1364.970000
2451848.5 1365.283000
2451849.5 1365.229000
2451850.5 1364.957000
2451851.5 1364.928000
2451852.5 1364.781000
2451853.5 1365.277000
2451854.5 1365.243000
2451855.5 1365.308000
2451856.5 1365.396000
2451857.5 1365.267000
2451858.5 1365.352000
2451859.5 1365.020000
2451860.5 1364.851000
2451861.5 1365.202000
2451862.5 1365.134000
2451863.5 1364.890000
2451864.5 1365.284000
2451865.5 1365.191000
2451866.5 1364.972000
2451867.5 1365.012000
2451868.5 1365.028000
2451869.5 1365.115000
2451870.5 1365.243000
2451871.5 1365.297000
2451872.5 1365.187000
2451873.5 1365.430000
2451874.5 1365.354000
2451875.5 1364.941000
2451876.5 1365.371000
2451877.5 1365.223000
2451878.5 1365.257000
2451881.5 1365.811000
2451882.5 1365.637000
2451883.5 1365.476000
2451884.5 1365.256000
2451885.5 1365.261000
2451886.5 1365.309000
2451887.5 1365.317000
2451888.5 1365.306000
2451889.5 1365.083000
2451890.5 1365.695000
2451891.5 1365.326000
2451892.5 1365.635000
2451893.5 1365.462000
2451894.5 1365.421000
2451895.5 1367.474000
2451896.5 1365.410000
2451897.5 1365.508000
2451898.5 1365.759000
2451899.5 1365.977000
2451900.5 1365.597000
2451901.5 1365.498000
2451902.5 1365.089000
2451903.5 1364.703000
2451904.5 1365.165000
2451905.5 1365.413000
2451906.5 1365.299000
2451907.5 1365.454000
2451908.5 1365.216000
2451911.5 1364.768000
2451912.5 1364.952000
2451913.5 1364.991000
2451914.5 1365.038000
2451915.5 1365.359000
2451916.5 1365.171000
2451917.5 1365.182000
2451918.5 1365.106000
2451919.5 1365.349000
2451920.5 1365.090000
2451921.5 1365.057000
2451922.5 1364.342000
2451923.5 1364.768000
2451924.5 1365.385000
2451925.5 1365.418000
2451926.5 1365.555000
2451927.5 1365.764000
2451928.5 1365.127000
2451929.5 1365.501000
2451930.5 1364.830000
2451931.5 1365.312000
2451932.5 1365.164000
2451933.5 1364.935000
2451934.5 1365.138000
2451935.5 1365.163000
2451936.5 1364.831000
2451937.5 1365.033000
2451938.5 1364.767000
2451939.5 1365.206000
2451940.5 1365.220000
2451941.5 1365.526000
2451942.5 1365.437000
2451943.5 1365.376000
2451944.5 1365.329000
2451945.5 1365.238000
2451946.5 1365.123000
2451947.5 1364.940000
2451948.5 1364.918000
2451951.5 1365.145000
2451952.5 1365.205000
2451953.5 1365.013000
2451954.5 1364.981000
2451955.5 1365.161000
2451956.5 1365.254000
2451957.5 1365.065000
2451958.5 1364.927000
2451959.5 1365.121000
2451960.5 1365.142000
2451961.5 1365.376000
2451962.5 1365.179000
2451963.5 1365.355000
2451964.5 1364.667000
2451965.5 1364.919000
2451966.5 1364.990000
2451967.5 1365.272000
2451968.5 1365.102000
2451969.5 1365.433000
2451970.5 1365.338000
2451971.5 1365.725000
2451972.5 1365.343000
2451973.5 1365.495000
2451974.5 1365.135000
2451975.5 1364.552000
2451976.5 1364.554000
2451977.5 1364.764000
2451978.5 1365.101000
2451979.5 1365.177000
2451980.5 1365.138000
2451981.5 1365.379000
2451982.5 1365.417000
2451985.5 1364.348000
2451986.5 1364.998000
2451987.5 1365.172000
2451988.5 1365.032000
2451989.5 1365.073000
2451990.5 1364.822000
2451991.5 1364.775000
2451992.5 1364.576000
2451993.5 1364.511000
2451994.5 1363.538000
2451995.5 1363.073000
2451996.5 1362.564000
2451997.5 1362.972000
2451998.5 1363.289000
2451999.5 1363.697000
2452000.5 1364.017000
2452001.5 1364.483000
2452002.5 1364.547000
2452003.5 1365.066000
2452004.5 1364.867000
2452005.5 1364.886000
2452006.5 1364.457000
2452007.5 1364.278000
2452008.5 1364.169000
2452009.5 1364.178000
2452010.5 1363.793000
2452011.5 1364.159000
2452012.5 1365.032000
2452013.5 1365.065000
2452015.5 1364.810000
2452016.5 1364.808000
2452017.5 1364.995000
2452023.5 1364.040000
2452024.5 1364.324000
2452025.5 1364.451000
2452026.5 1364.842000
2452027.5 1364.903000
2452028.5 1364.887000
2452029.5 1364.937000
2452030.5 1364.898000
2452031.5 1365.093000
2452032.5 1364.629000
2452033.5 1364.661000
2452034.5 1364.910000
2452138.5 1365.046000
2452139.5 1365.030000
2452140.5 1364.544000
2452141.5 1364.365000
2452142.5 1364.081000
2452143.5 1364.562000
2452144.5 1364.241000
2452145.5 1364.469000
2452146.5 1363.503000
2452147.5 1364.685000
2452148.5 1364.170000
2452149.5 1364.388000
2452150.5 1364.083000
2452151.5 1363.923000
2452152.5 1363.633000
2452153.5 1363.651000
2452154.5 1363.851000
2452155.5 1364.035000
2452156.5 1364.035000
2452157.5 1364.049000
2452158.5 1364.434000
2452159.5 1364.282000
2452160.5 1364.291000
2452161.5 1363.955000
2452162.5 1363.374000
2452163.5 1363.732000
2452164.5 1364.094000
2452165.5 1364.514000
2452166.5 1364.402000
2452167.5 1365.087000
2452168.5 1365.191000
2452169.5 1364.923000
2452170.5 1364.671000
2452171.5 1364.350000
2452172.5 1364.257000
2452173.5 1364.298000
2452174.5 1363.746000
2452175.5 1363.592000
2452176.5 1363.550000
2452177.5 1363.612000
2452178.5 1363.699000
2452179.5 1363.558000
2452180.5 1364.060000
2452181.5 1364.556000
2452182.5 1364.637000
2452183.5 1364.717000
2452184.5 1364.394000
2452185.5 1364.973000
2452186.5 1365.211000
2452187.5 1365.401000
2452188.5 1365.119000
2452189.5 1364.996000
2452190.5 1365.007000
2452191.5 1365.447000
2452192.5 1364.800000
2452193.5 1365.077000
2452194.5 1364.090000
2452195.5 1365.511000
2452196.5 1364.361000
2452197.5 1364.956000
2452198.5 1364.031000
2452199.5 1364.522000
2452200.5 1364.391000
2452201.5 1364.432000
2452202.5 1364.217000
2452203.5 1364.905000
2452204.5 1364.164000
2452205.5 1363.821000
2452207.5 1364.211000
2452208.5 1363.885000
2452209.5 1364.116000
2452210.5 1363.882000
2452211.5 1363.144000
2452212.5 1363.318000
2452213.5 1363.706000
2452214.5 1363.945000
