ACRIM1/SMM
Version: 1
Created: 08-Jun-2022
JD        Value 
2444239.5 NaN
2444240.5 NaN
2444241.5 NaN
2444242.5 NaN
2444243.5 NaN
2444244.5 NaN
2444245.5 NaN
2444246.5 NaN
2444247.5 NaN
2444248.5 NaN
2444249.5 NaN
2444250.5 NaN
2444251.5 NaN
2444252.5 NaN
2444253.5 NaN
2444254.5 NaN
2444255.5 NaN
2444256.5 NaN
2444257.5 NaN
2444258.5 NaN
2444259.5 NaN
2444260.5 NaN
2444261.5 NaN
2444262.5 NaN
2444263.5 NaN
2444264.5 NaN
2444265.5 NaN
2444266.5 NaN
2444267.5 NaN
2444268.5 NaN
2444269.5 NaN
2444270.5 NaN
2444271.5 NaN
2444272.5 NaN
2444273.5 NaN
2444274.5 NaN
2444275.5 NaN
2444276.5 NaN
2444277.5 NaN
2444278.5 NaN
2444279.5 NaN
2444280.5 NaN
2444281.5 NaN
2444282.5 NaN
2444283.5 NaN
2444284.5 NaN
2444285.5 1367.776000
2444286.5 1367.898000
2444287.5 1368.060000
2444288.5 NaN
2444289.5 1368.202000
2444290.5 1368.383000
2444291.5 1368.305000
2444292.5 1368.227000
2444293.5 1367.995000
2444294.5 1367.973000
2444295.5 1368.293000
2444296.5 1368.500000
2444297.5 1368.798000
2444298.5 1368.984000
2444299.5 1368.997000
2444300.5 1368.768000
2444301.5 1368.807000
2444302.5 1368.819000
2444303.5 1368.801000
2444304.5 1368.612000
2444305.5 1368.617000
2444306.5 1368.594000
2444307.5 1368.427000
2444308.5 1368.651000
2444309.5 1368.608000
2444310.5 1368.808000
2444311.5 1368.756000
2444312.5 1368.829000
2444313.5 1368.662000
2444314.5 1368.782000
2444315.5 1368.850000
2444316.5 1368.911000
2444317.5 1368.897000
2444318.5 1368.853000
2444319.5 1368.645000
2444320.5 1368.714000
2444321.5 1368.730000
2444322.5 1368.690000
2444323.5 1369.046000
2444324.5 1369.096000
2444325.5 1369.112000
2444326.5 1369.042000
2444327.5 1368.905000
2444328.5 1368.597000
2444329.5 1368.428000
2444330.5 1368.610000
2444331.5 1368.672000
2444332.5 1368.723000
2444333.5 1368.610000
2444334.5 1368.174000
2444335.5 1367.396000
2444336.5 1366.664000
2444337.5 1366.331000
2444338.5 1366.528000
2444339.5 1366.837000
2444340.5 NaN
2444341.5 1367.186000
2444342.5 1367.521000
2444343.5 1367.736000
2444344.5 1368.150000
2444345.5 1368.521000
2444346.5 1368.966000
2444347.5 1369.171000
2444348.5 1369.299000
2444349.5 1369.216000
2444350.5 1368.828000
2444351.5 1368.428000
2444352.5 1368.331000
2444353.5 1368.311000
2444354.5 1368.494000
2444355.5 1368.628000
2444356.5 1368.708000
2444357.5 1368.774000
2444358.5 1368.655000
2444359.5 1368.577000
2444360.5 1368.305000
2444361.5 1368.303000
2444362.5 1367.741000
2444363.5 1367.889000
2444364.5 1368.229000
2444365.5 1368.467000
2444366.5 1368.737000
2444367.5 1368.926000
2444368.5 1369.083000
2444369.5 1368.960000
2444370.5 NaN
2444371.5 1368.428000
2444372.5 1368.354000
2444373.5 1368.268000
2444374.5 1368.802000
2444375.5 1368.886000
2444376.5 1368.725000
2444377.5 1368.670000
2444378.5 1368.562000
2444379.5 1368.389000
2444380.5 1368.197000
2444381.5 1367.909000
2444382.5 1367.592000
2444383.5 1367.322000
2444384.5 1367.219000
2444385.5 1367.240000
2444386.5 1367.449000
2444387.5 1367.673000
2444388.5 1367.971000
2444389.5 1368.339000
2444390.5 1368.465000
2444391.5 1368.385000
2444392.5 1368.269000
2444393.5 1368.297000
2444394.5 1368.358000
2444395.5 1368.472000
2444396.5 1368.496000
2444397.5 1368.506000
2444398.5 1368.550000
2444399.5 1368.726000
2444400.5 1368.569000
2444401.5 1368.631000
2444402.5 1368.516000
2444403.5 1368.539000
2444404.5 1368.484000
2444405.5 1368.365000
2444406.5 1368.467000
2444407.5 1368.670000
2444408.5 1368.957000
2444409.5 1369.074000
2444410.5 1368.923000
2444411.5 1368.683000
2444412.5 1368.389000
2444413.5 1368.143000
2444414.5 1368.110000
2444415.5 1368.223000
2444416.5 1368.375000
2444417.5 1368.519000
2444418.5 1368.619000
2444419.5 1368.476000
2444420.5 1368.347000
2444421.5 1368.466000
2444422.5 1368.553000
2444423.5 1368.415000
2444424.5 1368.306000
2444425.5 1368.284000
2444426.5 1368.410000
2444427.5 1368.407000
2444428.5 1368.341000
2444429.5 NaN
2444430.5 1368.343000
2444431.5 1368.303000
2444432.5 1368.152000
2444433.5 1367.950000
2444434.5 1367.935000
2444435.5 1368.182000
2444436.5 1368.166000
2444437.5 1368.126000
2444438.5 1368.050000
2444439.5 1368.022000
2444440.5 1368.198000
2444441.5 1368.205000
2444442.5 1368.336000
2444443.5 1368.618000
2444444.5 1368.781000
2444445.5 1369.380000
2444446.5 1369.488000
2444447.5 1369.324000
2444448.5 1369.120000
2444449.5 1369.146000
2444450.5 NaN
2444451.5 1368.583000
2444452.5 1368.501000
2444453.5 1368.465000
2444454.5 1368.611000
2444455.5 1368.678000
2444456.5 1368.667000
2444457.5 1368.581000
2444458.5 1368.546000
2444459.5 1368.490000
2444460.5 1368.549000
2444461.5 1368.607000
2444462.5 1368.662000
2444463.5 1368.857000
2444464.5 1368.817000
2444465.5 1368.873000
2444466.5 1369.144000
2444467.5 1369.050000
2444468.5 1368.762000
2444469.5 1368.625000
2444470.5 1368.599000
2444471.5 1368.407000
2444472.5 1368.478000
2444473.5 1368.646000
2444474.5 1368.579000
2444475.5 1368.422000
2444476.5 1368.360000
2444477.5 1368.285000
2444478.5 1368.276000
2444479.5 1368.141000
2444480.5 1368.128000
2444481.5 1367.721000
2444482.5 1367.203000
2444483.5 1367.057000
2444484.5 NaN
2444485.5 1366.630000
2444486.5 1366.642000
2444487.5 1367.196000
2444488.5 1367.828000
2444489.5 1368.339000
2444490.5 1368.744000
2444491.5 1369.052000
2444492.5 1368.934000
2444493.5 1369.032000
2444494.5 1368.921000
2444495.5 1368.753000
2444496.5 1368.621000
2444497.5 1368.461000
2444498.5 1368.557000
2444499.5 1368.647000
2444500.5 1368.625000
2444501.5 1368.790000
2444502.5 1368.572000
2444503.5 1368.417000
2444504.5 1368.278000
2444505.5 1367.896000
2444506.5 1367.994000
2444507.5 1368.119000
2444508.5 1368.563000
2444509.5 1368.809000
2444510.5 1368.734000
2444511.5 1368.492000
2444512.5 1368.609000
2444513.5 1368.472000
2444514.5 1368.691000
2444515.5 1368.904000
2444516.5 1368.936000
2444517.5 1368.781000
2444518.5 1368.887000
2444519.5 1368.885000
2444520.5 1368.835000
2444521.5 1368.369000
2444522.5 1368.072000
2444523.5 1367.485000
2444524.5 1367.336000
2444525.5 1367.327000
2444526.5 1367.433000
2444527.5 1368.208000
2444528.5 1368.729000
2444529.5 1369.026000
2444530.5 1368.930000
2444531.5 1368.514000
2444532.5 1368.061000
2444533.5 1367.840000
2444534.5 1367.503000
2444535.5 1367.545000
2444536.5 1367.814000
2444537.5 1368.312000
2444538.5 1368.322000
2444539.5 1368.515000
2444540.5 1368.571000
2444541.5 1368.515000
2444542.5 1368.577000
2444543.5 1368.219000
2444544.5 1368.247000
2444545.5 1368.136000
2444546.5 1367.784000
2444547.5 1367.443000
2444548.5 1367.185000
2444549.5 1366.953000
2444550.5 1366.838000
2444551.5 1366.644000
2444552.5 1366.720000
2444553.5 1366.836000
2444554.5 1366.852000
2444555.5 1367.072000
2444556.5 1367.245000
2444557.5 NaN
2444558.5 NaN
2444559.5 NaN
2444560.5 NaN
2444561.5 1368.051000
2444562.5 1368.203000
2444563.5 1368.213000
2444564.5 1368.442000
2444565.5 1368.568000
2444566.5 NaN
2444567.5 NaN
2444568.5 NaN
2444569.5 NaN
2444570.5 NaN
2444571.5 NaN
2444572.5 NaN
2444573.5 NaN
2444574.5 1368.389000
2444575.5 1368.078000
2444576.5 1368.357000
2444577.5 1368.777000
2444578.5 1368.790000
2444579.5 1368.867000
2444580.5 1369.140000
2444581.5 1369.232000
2444582.5 1369.238000
2444583.5 1368.673000
2444584.5 1368.596000
2444585.5 NaN
2444586.5 NaN
2444587.5 NaN
2444588.5 1367.638000
2444589.5 1365.609000
2444590.5 1366.500000
2444591.5 1366.260000
2444592.5 1366.422000
2444593.5 NaN
2444594.5 1366.225000
2444595.5 1365.267000
2444596.5 1366.567000
2444597.5 1367.565000
2444598.5 1368.187000
2444599.5 NaN
2444600.5 1368.023000
2444601.5 1367.658000
2444602.5 1367.576000
2444603.5 1368.067000
2444604.5 1368.189000
2444605.5 1368.489000
2444606.5 1368.924000
2444607.5 1368.161000
2444608.5 1369.102000
2444609.5 1368.205000
2444610.5 1369.178000
2444611.5 1369.491000
2444612.5 NaN
2444613.5 NaN
2444614.5 1369.526000
2444615.5 1369.300000
2444616.5 NaN
2444617.5 NaN
2444618.5 1368.863000
2444619.5 NaN
2444620.5 1368.125000
2444621.5 1369.408000
2444622.5 1369.255000
2444623.5 1368.905000
2444624.5 1368.054000
2444625.5 1368.763000
2444626.5 1369.171000
2444627.5 1368.898000
2444628.5 NaN
2444629.5 1368.311000
2444630.5 1368.875000
2444631.5 1368.566000
2444632.5 1368.820000
2444633.5 1368.862000
2444634.5 1368.369000
2444635.5 NaN
2444636.5 NaN
2444637.5 1367.668000
2444638.5 1367.827000
2444639.5 1368.468000
2444640.5 1368.450000
2444641.5 1366.387000
2444642.5 1367.985000
2444643.5 1367.839000
2444644.5 1368.043000
2444645.5 1367.793000
2444646.5 1368.162000
2444647.5 1367.886000
2444648.5 1368.221000
2444649.5 1367.703000
2444650.5 1367.959000
2444651.5 1367.587000
2444652.5 1367.958000
2444653.5 1367.407000
2444654.5 1368.339000
2444655.5 1368.314000
2444656.5 1368.469000
2444657.5 1367.659000
2444658.5 1367.519000
2444659.5 1368.524000
2444660.5 1367.850000
2444661.5 1367.245000
2444662.5 1367.861000
2444663.5 1367.613000
2444664.5 1367.582000
2444665.5 1368.214000
2444666.5 1368.107000
2444667.5 1367.885000
2444668.5 1368.397000
2444669.5 1367.959000
2444670.5 1367.621000
2444671.5 1367.712000
2444672.5 1368.027000
2444673.5 1368.033000
2444674.5 1368.103000
2444675.5 1368.259000
2444676.5 1368.449000
2444677.5 1368.235000
2444678.5 1367.275000
2444679.5 1368.016000
2444680.5 1368.237000
2444681.5 1368.489000
2444682.5 1367.881000
2444683.5 1368.024000
2444684.5 1367.301000
2444685.5 1367.543000
2444686.5 1368.042000
2444687.5 1368.158000
2444688.5 1367.703000
2444689.5 1368.074000
2444690.5 1367.945000
2444691.5 1367.853000
2444692.5 1368.159000
2444693.5 1368.263000
2444694.5 1368.702000
2444695.5 1368.503000
2444696.5 1368.820000
2444697.5 1368.889000
2444698.5 1368.862000
2444699.5 1368.750000
2444700.5 1368.131000
2444701.5 1368.078000
2444702.5 1367.926000
2444703.5 1367.912000
2444704.5 1367.237000
2444705.5 1367.552000
2444706.5 1366.721000
2444707.5 1366.768000
2444708.5 1367.318000
2444709.5 1367.864000
2444710.5 1368.177000
2444711.5 1367.315000
2444712.5 1367.439000
2444713.5 1368.099000
2444714.5 1368.068000
2444715.5 1368.189000
2444716.5 1368.144000
2444717.5 1367.572000
2444718.5 1367.883000
2444719.5 1368.367000
2444720.5 1368.704000
2444721.5 1368.489000
2444722.5 1368.331000
2444723.5 1368.344000
2444724.5 1368.573000
2444725.5 1368.271000
2444726.5 1369.053000
2444727.5 1368.603000
2444728.5 1368.032000
2444729.5 1367.955000
2444730.5 1367.417000
2444731.5 1367.968000
2444732.5 1367.908000
2444733.5 1368.163000
2444734.5 1368.061000
2444735.5 1367.479000
2444736.5 NaN
2444737.5 1367.934000
2444738.5 1368.492000
2444739.5 1367.591000
2444740.5 NaN
2444741.5 NaN
2444742.5 1367.910000
2444743.5 NaN
2444744.5 1367.093000
2444745.5 NaN
2444746.5 1368.148000
2444747.5 1367.932000
2444748.5 NaN
2444749.5 1368.841000
2444750.5 1368.268000
2444751.5 1367.978000
2444752.5 1368.019000
2444753.5 1368.391000
2444754.5 1368.497000
2444755.5 1367.735000
2444756.5 1368.092000
2444757.5 1367.193000
2444758.5 1368.056000
2444759.5 1368.731000
2444760.5 1368.192000
2444761.5 NaN
2444762.5 1368.274000
2444763.5 1368.144000
2444764.5 1368.487000
2444765.5 1367.948000
2444766.5 1368.026000
2444767.5 1367.871000
2444768.5 1368.055000
2444769.5 1367.839000
2444770.5 1367.602000
2444771.5 1367.579000
2444772.5 1367.501000
2444773.5 1367.854000
2444774.5 1368.194000
2444775.5 1368.396000
2444776.5 1368.017000
2444777.5 1368.100000
2444778.5 1367.907000
2444779.5 1367.569000
2444780.5 1367.545000
2444781.5 1367.952000
2444782.5 1367.285000
2444783.5 1367.418000
2444784.5 1367.504000
2444785.5 1367.491000
2444786.5 1367.102000
2444787.5 1366.765000
2444788.5 1367.665000
2444789.5 1367.889000
2444790.5 1368.438000
2444791.5 1368.377000
2444792.5 1367.970000
2444793.5 1367.852000
2444794.5 1368.068000
2444795.5 1368.184000
2444796.5 1367.758000
2444797.5 1368.140000
2444798.5 1367.729000
2444799.5 1367.747000
2444800.5 1367.851000
2444801.5 1367.392000
2444802.5 1367.743000
2444803.5 1366.146000
2444804.5 1367.417000
2444805.5 1366.996000
2444806.5 1367.106000
2444807.5 1366.040000
2444808.5 1365.339000
2444809.5 1365.113000
2444810.5 1364.933000
2444811.5 1365.176000
2444812.5 NaN
2444813.5 NaN
2444814.5 NaN
2444815.5 NaN
2444816.5 NaN
2444817.5 1367.350000
2444818.5 1367.550000
2444819.5 1367.484000
2444820.5 1367.152000
2444821.5 1367.201000
2444822.5 1367.113000
2444823.5 1366.937000
2444824.5 1366.719000
2444825.5 1366.747000
2444826.5 1367.117000
2444827.5 1367.064000
2444828.5 1367.905000
2444829.5 1368.429000
2444830.5 1368.524000
2444831.5 1367.903000
2444832.5 1367.743000
2444833.5 1367.466000
2444834.5 1367.607000
2444835.5 1366.911000
2444836.5 1367.334000
2444837.5 1367.987000
2444838.5 1367.786000
2444839.5 1367.472000
2444840.5 1367.484000
2444841.5 1367.556000
2444842.5 1367.213000
2444843.5 1367.335000
2444844.5 1367.977000
2444845.5 1367.986000
2444846.5 1368.277000
2444847.5 1368.152000
2444848.5 1368.489000
2444849.5 1368.385000
2444850.5 1368.260000
2444851.5 1367.888000
2444852.5 1367.702000
2444853.5 1367.017000
2444854.5 1367.136000
2444855.5 1365.404000
2444856.5 1367.490000
2444857.5 1367.928000
2444858.5 NaN
2444859.5 1367.433000
2444860.5 NaN
2444861.5 1368.050000
2444862.5 1368.315000
2444863.5 1368.030000
2444864.5 1368.184000
2444865.5 1367.617000
2444866.5 1367.620000
2444867.5 1368.196000
2444868.5 1368.467000
2444869.5 1368.034000
2444870.5 1368.017000
2444871.5 1368.604000
2444872.5 1368.712000
2444873.5 1368.578000
2444874.5 1368.992000
2444875.5 1368.231000
2444876.5 1367.952000
2444877.5 1368.177000
2444878.5 1368.529000
2444879.5 1368.417000
2444880.5 1368.679000
2444881.5 1368.381000
2444882.5 1368.443000
2444883.5 1366.983000
2444884.5 1367.861000
2444885.5 1368.263000
2444886.5 1368.051000
2444887.5 1368.072000
2444888.5 1367.463000
2444889.5 1367.012000
2444890.5 1366.559000
2444891.5 1366.105000
2444892.5 1366.193000
2444893.5 1366.088000
2444894.5 1366.062000
2444895.5 1366.382000
2444896.5 1366.723000
2444897.5 1367.217000
2444898.5 1367.863000
2444899.5 1368.532000
2444900.5 1368.580000
2444901.5 1368.468000
2444902.5 1368.551000
2444903.5 1368.833000
2444904.5 1368.711000
2444905.5 1368.987000
2444906.5 1368.719000
2444907.5 1368.664000
2444908.5 1368.445000
2444909.5 1367.731000
2444910.5 1367.425000
2444911.5 1367.226000
2444912.5 1367.083000
2444913.5 1367.671000
2444914.5 1368.105000
2444915.5 1368.164000
2444916.5 1368.385000
2444917.5 1368.504000
2444918.5 1367.516000
2444919.5 1368.060000
2444920.5 1367.753000
2444921.5 1367.354000
2444922.5 1368.042000
2444923.5 1368.298000
2444924.5 1368.541000
2444925.5 1368.702000
2444926.5 1368.040000
2444927.5 1368.052000
2444928.5 1368.233000
2444929.5 1368.340000
2444930.5 1368.157000
2444931.5 1368.733000
2444932.5 1369.172000
2444933.5 1367.938000
2444934.5 1368.286000
2444935.5 1368.499000
2444936.5 1368.488000
2444937.5 1367.845000
2444938.5 1368.067000
2444939.5 1368.529000
2444940.5 1368.523000
2444941.5 1368.778000
2444942.5 NaN
2444943.5 NaN
2444944.5 1368.471000
2444945.5 1367.397000
2444946.5 1367.168000
2444947.5 1366.420000
2444948.5 1366.771000
2444949.5 1367.485000
2444950.5 1367.768000
2444951.5 1368.161000
2444952.5 1368.402000
2444953.5 1368.315000
2444954.5 1368.281000
2444955.5 1367.925000
2444956.5 1368.346000
2444957.5 1368.267000
2444958.5 1368.146000
2444959.5 1368.138000
2444960.5 1368.524000
2444961.5 1368.151000
2444962.5 1367.881000
2444963.5 1368.038000
2444964.5 1367.970000
2444965.5 1368.030000
2444966.5 1368.334000
2444967.5 NaN
2444968.5 NaN
2444969.5 NaN
2444970.5 1368.741000
2444971.5 1368.455000
2444972.5 1368.446000
2444973.5 1368.714000
2444974.5 1368.447000
2444975.5 1368.631000
2444976.5 1368.635000
2444977.5 1368.201000
2444978.5 1368.586000
2444979.5 1368.069000
2444980.5 1368.537000
2444981.5 1368.627000
2444982.5 1367.982000
2444983.5 1368.283000
2444984.5 1367.786000
2444985.5 1367.833000
2444986.5 1368.075000
2444987.5 1368.105000
2444988.5 1368.451000
2444989.5 1368.702000
2444990.5 1368.676000
2444991.5 1368.601000
2444992.5 1368.876000
2444993.5 1368.499000
2444994.5 1368.779000
2444995.5 1368.727000
2444996.5 1368.781000
2444997.5 1368.275000
2444998.5 1366.916000
2444999.5 1366.659000
2445000.5 1365.715000
2445001.5 1366.724000
2445002.5 1366.918000
2445003.5 1367.512000
2445004.5 1367.505000
2445005.5 1367.932000
2445006.5 1367.473000
2445007.5 1366.925000
2445008.5 1366.109000
2445009.5 1366.340000
2445010.5 1365.540000
2445011.5 1365.872000
2445012.5 1366.535000
2445013.5 1366.808000
2445014.5 1367.104000
2445015.5 1367.349000
2445016.5 1367.187000
2445017.5 1366.567000
2445018.5 1367.266000
2445019.5 1366.849000
2445020.5 1367.492000
2445021.5 1367.661000
2445022.5 1367.881000
2445023.5 1368.216000
2445024.5 1368.275000
2445025.5 1368.344000
2445026.5 1368.459000
2445027.5 1368.161000
2445028.5 1367.639000
2445029.5 1367.087000
2445030.5 1366.742000
2445031.5 1367.676000
2445032.5 1367.705000
2445033.5 1367.579000
2445034.5 1368.080000
2445035.5 1368.225000
2445036.5 1368.347000
2445037.5 1368.221000
2445038.5 1368.244000
2445039.5 1368.031000
2445040.5 1367.932000
2445041.5 1367.887000
2445042.5 1367.707000
2445043.5 1365.411000
2445044.5 1364.479000
2445045.5 1364.982000
2445046.5 1364.846000
2445047.5 1365.938000
2445048.5 1366.704000
2445049.5 1367.109000
2445050.5 1367.453000
2445051.5 1367.306000
2445052.5 1366.819000
2445053.5 1366.977000
2445054.5 1366.863000
2445055.5 1366.792000
2445056.5 1366.757000
2445057.5 1367.412000
2445058.5 1367.578000
2445059.5 1367.554000
2445060.5 1368.300000
2445061.5 1368.382000
2445062.5 1368.586000
2445063.5 1368.272000
2445064.5 1368.057000
2445065.5 1368.041000
2445066.5 1368.245000
2445067.5 1368.504000
2445068.5 1368.043000
2445069.5 1367.837000
2445070.5 1367.487000
2445071.5 1367.479000
2445072.5 1367.401000
2445073.5 1367.292000
2445074.5 1367.878000
2445075.5 1367.824000
2445076.5 1367.761000
2445077.5 1368.030000
2445078.5 1367.571000
2445079.5 1367.493000
2445080.5 1367.712000
2445081.5 1367.979000
2445082.5 1367.264000
2445083.5 1367.244000
2445084.5 1367.162000
2445085.5 1367.510000
2445086.5 1367.917000
2445087.5 1368.704000
2445088.5 1368.567000
2445089.5 1368.156000
2445090.5 1367.915000
2445091.5 1367.984000
2445092.5 1367.793000
2445093.5 1367.825000
2445094.5 1367.550000
2445095.5 1367.567000
2445096.5 1367.390000
2445097.5 1367.520000
2445098.5 1367.906000
2445099.5 1367.335000
2445100.5 1368.059000
2445101.5 1368.187000
2445102.5 1368.013000
2445103.5 1367.664000
2445104.5 1367.585000
2445105.5 1367.565000
2445106.5 1367.492000
2445107.5 1367.448000
2445108.5 1367.717000
2445109.5 1367.824000
2445110.5 1367.728000
2445111.5 1367.636000
2445112.5 1368.209000
2445113.5 1368.102000
2445114.5 1368.430000
2445115.5 1367.948000
2445116.5 1367.979000
2445117.5 1368.015000
2445118.5 1367.628000
2445119.5 1367.955000
2445120.5 1367.756000
2445121.5 1368.404000
2445122.5 1368.009000
2445123.5 1367.615000
2445124.5 1368.008000
2445125.5 1367.638000
2445126.5 1366.732000
2445127.5 1366.628000
2445128.5 1366.110000
2445129.5 1366.627000
2445130.5 1366.710000
2445131.5 1367.032000
2445132.5 1367.184000
2445133.5 1366.756000
2445134.5 1366.469000
2445135.5 1366.232000
2445136.5 1366.275000
2445137.5 1365.551000
2445138.5 1365.483000
2445139.5 1366.277000
2445140.5 1365.936000
2445141.5 1366.560000
2445142.5 1366.771000
2445143.5 1367.311000
2445144.5 1367.399000
2445145.5 1367.674000
2445146.5 1368.178000
2445147.5 1369.076000
2445148.5 1367.665000
2445149.5 1367.307000
2445150.5 1367.926000
2445151.5 1367.786000
2445152.5 1368.223000
2445153.5 1368.835000
2445154.5 1368.257000
2445155.5 1367.858000
2445156.5 1368.241000
2445157.5 1368.311000
2445158.5 1367.228000
2445159.5 1367.916000
2445160.5 1367.642000
2445161.5 1367.216000
2445162.5 1366.826000
2445163.5 1366.621000
2445164.5 1366.100000
2445165.5 1366.433000
2445166.5 1366.053000
2445167.5 1366.418000
2445168.5 1367.305000
2445169.5 1368.355000
2445170.5 1368.820000
2445171.5 1368.402000
2445172.5 1368.606000
2445173.5 1368.354000
2445174.5 1367.873000
2445175.5 1367.785000
2445176.5 1367.802000
2445177.5 1367.887000
2445178.5 1367.472000
2445179.5 1367.607000
2445180.5 1367.604000
2445181.5 1367.972000
2445182.5 1368.375000
2445183.5 1367.971000
2445184.5 1367.784000
2445185.5 1367.563000
2445186.5 1367.270000
2445187.5 1367.475000
2445188.5 1367.275000
2445189.5 1367.107000
2445190.5 1367.479000
2445191.5 1367.477000
2445192.5 1367.868000
2445193.5 1368.138000
2445194.5 1368.166000
2445195.5 1368.132000
2445196.5 1367.641000
2445197.5 1367.459000
2445198.5 1368.163000
2445199.5 1367.193000
2445200.5 1367.479000
2445201.5 1366.920000
2445202.5 1367.470000
2445203.5 1366.953000
2445204.5 1367.133000
2445205.5 1367.034000
2445206.5 1366.882000
2445207.5 1366.669000
2445208.5 1366.980000
2445209.5 1367.302000
2445210.5 1367.395000
2445211.5 1367.842000
2445212.5 1367.972000
2445213.5 1368.286000
2445214.5 1368.076000
2445215.5 1367.832000
2445216.5 1367.998000
2445217.5 1367.973000
2445218.5 1368.549000
2445219.5 1368.438000
2445220.5 1368.375000
2445221.5 1368.405000
2445222.5 NaN
2445223.5 1368.355000
2445224.5 1368.061000
2445225.5 1368.137000
2445226.5 1367.779000
2445227.5 NaN
2445228.5 1367.404000
2445229.5 1367.812000
2445230.5 1367.082000
2445231.5 1367.722000
2445232.5 1366.974000
2445233.5 1367.960000
2445234.5 1367.939000
2445235.5 1368.422000
2445236.5 1367.600000
2445237.5 1367.864000
2445238.5 1368.353000
2445239.5 1367.716000
2445240.5 1367.255000
2445241.5 1367.332000
2445242.5 1367.498000
2445243.5 1367.401000
2445244.5 1367.743000
2445245.5 1368.276000
2445246.5 1368.801000
2445247.5 1368.883000
2445248.5 1368.552000
2445249.5 1368.423000
2445250.5 1368.177000
2445251.5 1368.029000
2445252.5 1368.181000
2445253.5 1368.177000
2445254.5 1368.117000
2445255.5 1367.668000
2445256.5 1367.702000
2445257.5 1367.695000
2445258.5 1367.554000
2445259.5 1367.779000
2445260.5 1367.686000
2445261.5 1367.630000
2445262.5 1368.088000
2445263.5 1368.016000
2445264.5 1368.007000
2445265.5 1368.517000
2445266.5 1367.891000
2445267.5 1367.949000
2445268.5 1367.987000
2445269.5 1367.880000
2445270.5 1368.685000
2445271.5 1368.602000
2445272.5 1368.515000
2445273.5 1368.010000
2445274.5 1368.784000
2445275.5 1369.317000
2445276.5 1368.406000
2445277.5 1368.813000
2445278.5 1368.436000
2445279.5 1367.737000
2445280.5 1368.362000
2445281.5 1368.501000
2445282.5 1368.205000
2445283.5 1368.347000
2445284.5 1367.712000
2445285.5 1367.310000
2445286.5 1366.953000
2445287.5 NaN
2445288.5 NaN
2445289.5 1367.703000
2445290.5 1367.468000
2445291.5 1368.042000
2445292.5 1367.438000
2445293.5 1367.688000
2445294.5 1368.458000
2445295.5 1367.018000
2445296.5 1367.045000
2445297.5 1367.314000
2445298.5 1368.045000
2445299.5 1368.127000
2445300.5 1368.311000
2445301.5 1367.981000
2445302.5 1367.595000
2445303.5 1367.092000
2445304.5 1367.789000
2445305.5 1367.347000
2445306.5 1367.323000
2445307.5 1367.278000
2445308.5 1367.146000
2445309.5 1367.580000
2445310.5 NaN
2445311.5 1368.193000
2445312.5 1367.812000
2445313.5 1367.907000
2445314.5 1367.605000
2445315.5 1367.503000
2445316.5 1367.029000
2445317.5 1366.738000
2445318.5 1367.296000
2445319.5 1367.399000
2445320.5 1368.507000
2445321.5 1368.901000
2445322.5 1368.426000
2445323.5 1368.524000
2445324.5 1368.218000
2445325.5 1368.015000
2445326.5 1367.895000
2445327.5 NaN
2445328.5 1368.087000
2445329.5 NaN
2445330.5 NaN
2445331.5 1367.446000
2445332.5 1367.929000
2445333.5 NaN
2445334.5 1367.817000
2445335.5 NaN
2445336.5 1368.778000
2445337.5 1367.769000
2445338.5 1367.682000
2445339.5 1367.379000
2445340.5 1368.553000
2445341.5 1368.206000
2445342.5 1367.129000
2445343.5 1367.865000
2445344.5 1368.518000
2445345.5 1367.506000
2445346.5 1367.836000
2445347.5 1368.595000
2445348.5 1368.171000
2445349.5 1367.452000
2445350.5 1367.298000
2445351.5 1367.652000
2445352.5 1366.998000
2445353.5 1367.244000
2445354.5 1367.236000
2445355.5 1367.204000
2445356.5 1367.842000
2445357.5 1367.385000
2445358.5 1368.164000
2445359.5 1368.338000
2445360.5 1368.137000
2445361.5 1367.809000
2445362.5 1367.751000
2445363.5 1367.885000
2445364.5 1367.714000
2445365.5 1367.872000
2445366.5 1367.946000
2445367.5 1368.061000
2445368.5 1368.013000
2445369.5 1368.234000
2445370.5 1367.450000
2445371.5 1367.457000
2445372.5 1366.871000
2445373.5 1367.459000
2445374.5 1368.156000
2445375.5 1368.380000
2445376.5 1368.495000
2445377.5 1368.331000
2445378.5 1368.760000
2445379.5 1368.036000
2445380.5 1368.191000
2445381.5 1367.913000
2445382.5 1367.351000
2445383.5 1366.964000
2445384.5 1366.278000
2445385.5 1367.985000
2445386.5 1366.351000
2445387.5 1368.285000
2445388.5 1368.116000
2445389.5 1367.973000
2445390.5 1367.859000
2445391.5 1367.176000
2445392.5 1367.356000
2445393.5 1367.517000
2445394.5 1368.002000
2445395.5 1367.309000
2445396.5 1367.902000
2445397.5 1366.621000
2445398.5 1367.030000
2445399.5 1367.119000
2445400.5 1367.551000
2445401.5 1366.026000
2445402.5 1367.683000
2445403.5 1367.947000
2445404.5 1367.850000
2445405.5 1367.727000
2445406.5 1367.604000
2445407.5 1367.213000
2445408.5 1366.495000
2445409.5 NaN
2445410.5 1367.973000
2445411.5 1367.560000
2445412.5 1367.629000
2445413.5 1367.628000
2445414.5 1367.347000
2445415.5 1367.319000
2445416.5 1368.393000
2445417.5 1368.106000
2445418.5 1368.567000
2445419.5 1368.242000
2445420.5 1367.164000
2445421.5 1368.001000
2445422.5 1367.532000
2445423.5 1366.748000
2445424.5 1367.588000
2445425.5 1367.564000
2445426.5 1366.925000
2445427.5 1366.485000
2445428.5 1367.432000
2445429.5 1367.902000
2445430.5 1368.159000
2445431.5 1366.986000
2445432.5 1367.041000
2445433.5 1367.293000
2445434.5 1367.619000
2445435.5 1367.297000
2445436.5 1367.610000
2445437.5 1367.090000
2445438.5 1368.167000
2445439.5 1367.772000
2445440.5 1367.512000
2445441.5 1366.936000
2445442.5 1367.326000
2445443.5 1367.726000
2445444.5 1367.681000
2445445.5 1367.906000
2445446.5 1367.443000
2445447.5 1367.981000
2445448.5 1367.733000
2445449.5 1367.149000
2445450.5 1367.505000
2445451.5 1367.601000
2445452.5 1367.520000
2445453.5 1367.513000
2445454.5 NaN
2445455.5 1367.171000
2445456.5 1367.982000
2445457.5 1367.738000
2445458.5 1367.987000
2445459.5 1368.064000
2445460.5 1367.609000
2445461.5 1367.594000
2445462.5 1367.857000
2445463.5 1367.104000
2445464.5 1367.066000
2445465.5 1366.812000
2445466.5 1366.195000
2445467.5 1366.720000
2445468.5 1366.832000
2445469.5 1367.090000
2445470.5 1367.034000
2445471.5 1367.649000
2445472.5 NaN
2445473.5 1367.248000
2445474.5 1367.911000
2445475.5 1366.761000
2445476.5 1366.609000
2445477.5 1367.016000
2445478.5 1367.560000
2445479.5 1367.441000
2445480.5 1367.844000
2445481.5 1367.718000
2445482.5 1368.140000
2445483.5 1368.414000
2445484.5 1368.443000
2445485.5 1368.341000
2445486.5 1367.612000
2445487.5 1367.629000
2445488.5 1367.072000
2445489.5 1366.908000
2445490.5 1366.500000
2445491.5 1366.341000
2445492.5 1366.584000
2445493.5 1366.403000
2445494.5 1366.639000
2445495.5 1367.178000
2445496.5 1366.992000
2445497.5 NaN
2445498.5 1366.913000
2445499.5 1368.089000
2445500.5 1367.808000
2445501.5 1367.901000
2445502.5 1368.029000
2445503.5 1367.516000
2445504.5 1367.507000
2445505.5 1368.180000
2445506.5 1367.888000
2445507.5 NaN
2445508.5 1367.746000
2445509.5 NaN
2445510.5 1367.749000
2445511.5 1367.952000
2445512.5 1368.177000
2445513.5 1367.610000
2445514.5 1367.490000
2445515.5 1367.408000
2445516.5 1367.066000
2445517.5 1367.444000
2445518.5 1367.147000
2445519.5 1367.809000
2445520.5 1367.791000
2445521.5 1367.785000
2445522.5 1367.813000
2445523.5 1367.503000
2445524.5 1366.949000
2445525.5 1367.849000
2445526.5 1367.433000
2445527.5 1367.462000
2445528.5 1367.620000
2445529.5 1367.522000
2445530.5 1367.489000
2445531.5 1367.638000
2445532.5 1366.667000
2445533.5 1368.137000
2445534.5 1368.104000
2445535.5 1368.219000
2445536.5 1367.864000
2445537.5 1367.597000
2445538.5 1367.716000
2445539.5 1367.855000
2445540.5 1367.565000
2445541.5 1367.674000
2445542.5 1368.065000
2445543.5 1367.609000
2445544.5 1367.658000
2445545.5 1367.608000
2445546.5 1367.248000
2445547.5 1367.270000
2445548.5 1367.123000
2445549.5 1366.648000
2445550.5 1367.182000
2445551.5 1367.709000
2445552.5 1367.743000
2445553.5 1367.793000
2445554.5 1368.177000
2445555.5 1367.964000
2445556.5 1367.031000
2445557.5 1367.777000
2445558.5 1367.438000
2445559.5 1367.539000
2445560.5 1367.769000
2445561.5 1367.973000
2445562.5 1367.153000
2445563.5 1368.295000
2445564.5 1368.156000
2445565.5 1368.044000
2445566.5 NaN
2445567.5 1367.623000
2445568.5 1367.816000
2445569.5 1367.419000
2445570.5 1368.227000
2445571.5 1367.848000
2445572.5 1367.381000
2445573.5 1367.845000
2445574.5 1367.682000
2445575.5 1367.578000
2445576.5 1367.686000
2445577.5 1367.551000
2445578.5 1367.895000
2445579.5 1367.640000
2445580.5 1367.860000
2445581.5 1367.680000
2445582.5 1367.763000
2445583.5 1367.174000
2445584.5 NaN
2445585.5 1367.784000
2445586.5 1367.745000
2445587.5 1367.824000
2445588.5 1368.213000
2445589.5 1368.166000
2445590.5 1367.614000
2445591.5 1367.768000
2445592.5 1367.724000
2445593.5 1367.443000
2445594.5 1367.704000
2445595.5 1367.618000
2445596.5 1366.810000
2445597.5 1367.828000
2445598.5 1367.992000
2445599.5 1368.064000
2445600.5 NaN
2445601.5 NaN
2445602.5 NaN
2445603.5 NaN
2445604.5 NaN
2445605.5 NaN
2445606.5 NaN
2445607.5 NaN
2445608.5 NaN
2445609.5 NaN
2445610.5 1367.592000
2445611.5 1367.874000
2445612.5 1367.765000
2445613.5 1367.222000
2445614.5 1367.357000
2445615.5 1366.662000
2445616.5 1367.661000
2445617.5 1367.648000
2445618.5 1367.725000
2445619.5 1367.901000
2445620.5 1367.886000
2445621.5 1368.079000
2445622.5 NaN
2445623.5 NaN
2445624.5 1367.896000
2445625.5 1367.324000
2445626.5 1366.980000
2445627.5 1367.556000
2445628.5 1367.243000
2445629.5 1367.841000
2445630.5 1367.592000
2445631.5 1367.027000
2445632.5 1367.257000
2445633.5 1367.008000
2445634.5 1367.669000
2445635.5 1367.389000
2445636.5 1367.079000
2445637.5 1367.527000
2445638.5 1367.854000
2445639.5 NaN
2445640.5 1366.996000
2445641.5 1368.032000
2445642.5 NaN
2445643.5 NaN
2445644.5 NaN
2445645.5 NaN
2445646.5 NaN
2445647.5 NaN
2445648.5 NaN
2445649.5 NaN
2445650.5 NaN
2445651.5 NaN
2445652.5 NaN
2445653.5 NaN
2445654.5 NaN
2445655.5 NaN
2445656.5 NaN
2445657.5 NaN
2445658.5 NaN
2445659.5 NaN
2445660.5 NaN
2445661.5 NaN
2445662.5 NaN
2445663.5 NaN
2445664.5 NaN
2445665.5 NaN
2445666.5 NaN
2445667.5 NaN
2445668.5 NaN
2445669.5 NaN
2445670.5 NaN
2445671.5 NaN
2445672.5 1367.711000
2445673.5 NaN
2445674.5 NaN
2445675.5 NaN
2445676.5 NaN
2445677.5 NaN
2445678.5 NaN
2445679.5 NaN
2445680.5 NaN
2445681.5 NaN
2445682.5 NaN
2445683.5 NaN
2445684.5 NaN
2445685.5 NaN
2445686.5 NaN
2445687.5 NaN
2445688.5 1367.859000
2445689.5 1368.404000
2445690.5 NaN
2445691.5 NaN
2445692.5 NaN
2445693.5 1367.966000
2445694.5 NaN
2445695.5 NaN
2445696.5 NaN
2445697.5 NaN
2445698.5 NaN
2445699.5 NaN
2445700.5 NaN
2445701.5 NaN
2445702.5 NaN
2445703.5 NaN
2445704.5 NaN
2445705.5 NaN
2445706.5 NaN
2445707.5 NaN
2445708.5 NaN
2445709.5 NaN
2445710.5 NaN
2445711.5 NaN
2445712.5 NaN
2445713.5 1366.746000
2445714.5 NaN
2445715.5 1366.851000
2445716.5 NaN
2445717.5 NaN
2445718.5 NaN
2445719.5 NaN
2445720.5 NaN
2445721.5 NaN
2445722.5 NaN
2445723.5 1365.774000
2445724.5 1365.846000
2445725.5 NaN
2445726.5 NaN
2445727.5 NaN
2445728.5 NaN
2445729.5 NaN
2445730.5 NaN
2445731.5 NaN
2445732.5 NaN
2445733.5 NaN
2445734.5 NaN
2445735.5 NaN
2445736.5 NaN
2445737.5 NaN
2445738.5 NaN
2445739.5 NaN
2445740.5 NaN
2445741.5 NaN
2445742.5 NaN
2445743.5 NaN
2445744.5 NaN
2445745.5 NaN
2445746.5 NaN
2445747.5 NaN
2445748.5 1367.485000
2445749.5 NaN
2445750.5 1367.211000
2445751.5 1366.498000
2445752.5 1366.676000
2445753.5 NaN
2445754.5 NaN
2445755.5 NaN
2445756.5 NaN
2445757.5 NaN
2445758.5 NaN
2445759.5 NaN
2445760.5 NaN
2445761.5 NaN
2445762.5 NaN
2445763.5 NaN
2445764.5 NaN
2445765.5 NaN
2445766.5 NaN
2445767.5 NaN
2445768.5 NaN
2445769.5 NaN
2445770.5 NaN
2445771.5 NaN
2445772.5 NaN
2445773.5 NaN
2445774.5 NaN
2445775.5 NaN
2445776.5 NaN
2445777.5 NaN
2445778.5 NaN
2445779.5 NaN
2445780.5 NaN
2445781.5 NaN
2445782.5 NaN
2445783.5 NaN
2445784.5 NaN
2445785.5 NaN
2445786.5 NaN
2445787.5 NaN
2445788.5 NaN
2445789.5 NaN
2445790.5 NaN
2445791.5 NaN
2445792.5 NaN
2445793.5 NaN
2445794.5 NaN
2445795.5 NaN
2445796.5 NaN
2445797.5 NaN
2445798.5 NaN
2445799.5 NaN
2445800.5 NaN
2445801.5 NaN
2445802.5 NaN
2445803.5 NaN
2445804.5 NaN
2445805.5 NaN
2445806.5 NaN
2445807.5 NaN
2445808.5 NaN
2445809.5 NaN
2445810.5 NaN
2445811.5 NaN
2445812.5 NaN
2445813.5 NaN
2445814.5 NaN
2445815.5 NaN
2445816.5 1364.903000
2445817.5 NaN
2445818.5 NaN
2445819.5 NaN
2445820.5 NaN
2445821.5 1366.245000
2445822.5 NaN
2445823.5 1367.257000
2445824.5 1367.505000
2445825.5 1367.538000
2445826.5 1367.519000
2445827.5 1367.317000
2445828.5 1366.980000
2445829.5 1366.559000
2445830.5 1366.186000
2445831.5 1366.000000
2445832.5 1366.086000
2445833.5 NaN
2445834.5 1366.653000
2445835.5 NaN
2445836.5 1367.522000
2445837.5 1367.647000
2445838.5 1367.792000
2445839.5 1367.757000
2445840.5 1367.718000
2445841.5 1367.591000
2445842.5 1367.432000
2445843.5 1367.254000
2445844.5 1367.137000
2445845.5 1367.173000
2445846.5 1367.366000
2445847.5 1367.618000
2445848.5 1367.762000
2445849.5 1367.663000
2445850.5 1367.524000
2445851.5 1367.235000
2445852.5 1367.212000
2445853.5 1367.463000
2445854.5 1367.563000
2445855.5 1367.704000
2445856.5 1367.754000
2445857.5 1367.755000
2445858.5 1367.669000
2445859.5 1367.665000
2445860.5 1367.680000
2445861.5 1367.786000
2445862.5 1367.822000
2445863.5 1367.836000
2445864.5 1367.726000
2445865.5 1367.618000
2445866.5 1367.459000
2445867.5 1367.485000
2445868.5 1367.527000
2445869.5 1367.460000
2445870.5 1367.276000
2445871.5 1367.245000
2445872.5 1367.347000
2445873.5 1367.351000
2445874.5 1367.301000
2445875.5 1367.297000
2445876.5 NaN
2445877.5 NaN
2445878.5 1367.194000
2445879.5 1367.263000
2445880.5 1367.373000
2445881.5 1367.438000
2445882.5 1367.470000
2445883.5 1367.588000
2445884.5 1367.525000
2445885.5 1367.624000
2445886.5 1367.672000
2445887.5 1367.671000
2445888.5 1367.646000
2445889.5 1367.626000
2445890.5 1367.593000
2445891.5 1367.505000
2445892.5 1367.473000
2445893.5 1367.543000
2445894.5 1367.637000
2445895.5 1367.620000
2445896.5 1367.606000
2445897.5 1367.549000
2445898.5 1367.512000
2445899.5 1367.467000
2445900.5 1367.456000
2445901.5 1367.448000
2445902.5 1367.386000
2445903.5 1367.366000
2445904.5 1367.351000
2445905.5 1367.350000
2445906.5 1367.376000
2445907.5 1367.376000
2445908.5 1367.364000
2445909.5 1367.380000
2445910.5 1367.418000
2445911.5 1367.496000
2445912.5 1367.548000
2445913.5 1367.568000
2445914.5 1367.609000
2445915.5 1367.576000
2445916.5 1367.606000
2445917.5 1367.626000
2445918.5 1367.660000
2445919.5 1367.560000
2445920.5 1367.470000
2445921.5 1367.389000
2445922.5 1367.375000
2445923.5 1367.456000
2445924.5 1367.524000
2445925.5 1367.580000
2445926.5 1367.547000
2445927.5 1367.448000
2445928.5 1367.350000
2445929.5 1367.296000
2445930.5 1367.243000
2445931.5 1367.189000
2445932.5 1367.174000
2445933.5 1367.200000
2445934.5 1367.213000
2445935.5 1367.187000
2445936.5 1367.203000
2445937.5 1367.156000
2445938.5 1367.214000
2445939.5 1367.265000
2445940.5 1367.223000
2445941.5 1367.162000
2445942.5 NaN
2445943.5 NaN
2445944.5 NaN
2445945.5 NaN
2445946.5 NaN
2445947.5 NaN
2445948.5 NaN
2445949.5 1367.575000
2445950.5 1367.557000
2445951.5 1367.551000
2445952.5 1367.518000
2445953.5 1367.600000
2445954.5 1367.597000
2445955.5 1367.350000
2445956.5 1367.265000
2445957.5 1367.184000
2445958.5 1367.186000
2445959.5 1367.192000
2445960.5 1367.223000
2445961.5 1367.241000
2445962.5 1367.290000
2445963.5 1367.237000
2445964.5 1367.270000
2445965.5 1367.248000
2445966.5 1367.316000
2445967.5 1367.336000
2445968.5 1367.318000
2445969.5 1367.352000
2445970.5 1367.335000
2445971.5 1367.337000
2445972.5 1367.381000
2445973.5 1367.379000
2445974.5 1367.382000
2445975.5 1367.405000
2445976.5 1367.369000
2445977.5 1367.401000
2445978.5 1367.373000
2445979.5 1367.356000
2445980.5 1367.387000
2445981.5 1367.343000
2445982.5 1367.252000
2445983.5 1367.191000
2445984.5 1367.210000
2445985.5 1367.179000
2445986.5 1367.198000
2445987.5 1367.201000
2445988.5 1367.129000
2445989.5 1367.088000
2445990.5 1367.060000
2445991.5 1367.137000
2445992.5 1367.133000
2445993.5 1367.137000
2445994.5 1367.195000
2445995.5 1367.225000
2445996.5 1367.273000
2445997.5 1367.291000
2445998.5 1367.285000
2445999.5 1367.250000
2446000.5 1367.262000
2446001.5 1367.236000
2446002.5 1367.171000
2446003.5 1367.195000
2446004.5 1367.197000
2446005.5 1367.177000
2446006.5 1367.200000
2446007.5 1367.217000
2446008.5 1367.216000
2446009.5 1367.272000
2446010.5 1367.295000
2446011.5 1367.269000
2446012.5 1367.164000
2446013.5 1367.191000
2446014.5 1367.179000
2446015.5 1367.211000
2446016.5 1367.234000
2446017.5 1366.855000
2446018.5 1367.260000
2446019.5 NaN
2446020.5 1367.283000
2446021.5 1367.283000
2446022.5 1367.316000
2446023.5 1367.355000
2446024.5 1367.291000
2446025.5 1367.219000
2446026.5 1367.183000
2446027.5 1367.104000
2446028.5 1367.044000
2446029.5 1366.886000
2446030.5 1366.780000
2446031.5 1366.763000
2446032.5 1366.907000
2446033.5 1367.093000
2446034.5 1367.223000
2446035.5 1367.337000
2446036.5 1367.390000
2446037.5 1367.347000
2446038.5 1367.250000
2446039.5 1367.219000
2446040.5 1367.233000
2446041.5 1367.197000
2446042.5 1367.208000
2446043.5 1367.230000
2446044.5 1367.234000
2446045.5 1367.129000
2446046.5 1367.090000
2446047.5 1367.125000
2446048.5 1367.144000
2446049.5 1367.196000
2446050.5 1367.095000
2446051.5 1367.140000
2446052.5 1367.183000
2446053.5 1367.243000
2446054.5 1367.260000
2446055.5 1367.204000
2446056.5 1367.205000
2446057.5 NaN
2446058.5 1367.128000
2446059.5 1367.147000
2446060.5 1367.216000
2446061.5 1367.200000
2446062.5 NaN
2446063.5 1367.217000
2446064.5 NaN
2446065.5 1367.250000
2446066.5 1367.358000
2446067.5 1367.420000
2446068.5 1367.312000
2446069.5 1367.381000
2446070.5 1367.366000
2446071.5 NaN
2446072.5 1367.328000
2446073.5 NaN
2446074.5 1367.237000
2446075.5 1367.172000
2446076.5 1367.156000
2446077.5 1367.167000
2446078.5 1367.067000
2446079.5 1367.005000
2446080.5 1367.006000
2446081.5 1366.969000
2446082.5 1366.961000
2446083.5 1367.061000
2446084.5 1367.006000
2446085.5 1366.742000
2446086.5 1366.700000
2446087.5 1366.851000
2446088.5 1367.092000
2446089.5 1367.155000
2446090.5 1367.121000
2446091.5 1367.077000
2446092.5 1367.071000
2446093.5 1367.096000
2446094.5 1367.060000
2446095.5 1367.070000
2446096.5 1367.071000
2446097.5 1367.052000
2446098.5 1366.964000
2446099.5 1367.090000
2446100.5 1367.220000
2446101.5 1367.178000
2446102.5 1367.172000
2446103.5 1367.148000
2446104.5 1367.172000
2446105.5 1367.257000
2446106.5 1367.291000
2446107.5 1367.246000
2446108.5 1367.226000
2446109.5 1367.186000
2446110.5 1367.163000
2446111.5 1367.158000
2446112.5 1367.148000
2446113.5 1367.158000
2446114.5 1367.200000
2446115.5 1367.196000
2446116.5 1367.178000
2446117.5 1367.132000
2446118.5 1367.090000
2446119.5 1367.092000
2446120.5 1367.059000
2446121.5 1367.024000
2446122.5 1367.012000
2446123.5 1367.011000
2446124.5 1367.063000
2446125.5 1367.090000
2446126.5 1367.184000
2446127.5 1367.040000
2446128.5 1366.999000
2446129.5 1367.006000
2446130.5 1367.034000
2446131.5 1367.003000
2446132.5 1367.026000
2446133.5 1367.048000
2446134.5 1367.086000
2446135.5 1367.026000
2446136.5 1367.068000
2446137.5 1367.073000
2446138.5 1367.078000
2446139.5 1367.039000
2446140.5 1367.056000
2446141.5 1367.044000
2446142.5 1367.096000
2446143.5 1367.113000
2446144.5 1367.118000
2446145.5 1367.144000
2446146.5 1367.136000
2446147.5 1367.138000
2446148.5 1367.088000
2446149.5 1366.978000
2446150.5 1366.933000
2446151.5 1366.897000
2446152.5 1366.873000
2446153.5 1366.915000
2446154.5 1366.936000
2446155.5 1367.010000
2446156.5 1367.036000
2446157.5 1367.110000
2446158.5 1366.993000
2446159.5 1366.965000
2446160.5 1366.994000
2446161.5 1367.048000
2446162.5 1366.971000
2446163.5 1366.996000
2446164.5 1366.988000
2446165.5 1367.010000
2446166.5 1366.965000
2446167.5 1366.962000
2446168.5 1366.986000
2446169.5 1366.989000
2446170.5 1366.982000
2446171.5 1367.009000
2446172.5 1367.077000
2446173.5 1367.028000
2446174.5 1367.061000
2446175.5 1367.094000
2446176.5 1367.034000
2446177.5 1366.787000
2446178.5 1366.529000
2446179.5 1366.344000
2446180.5 1366.290000
2446181.5 1366.300000
2446182.5 1366.494000
2446183.5 1366.752000
2446184.5 1366.856000
2446185.5 1366.961000
2446186.5 1367.196000
2446187.5 1367.199000
2446188.5 1367.087000
2446189.5 1367.105000
2446190.5 1367.067000
2446191.5 1367.005000
2446192.5 1367.017000
2446193.5 1366.910000
2446194.5 1366.882000
2446195.5 1366.796000
2446196.5 1366.658000
2446197.5 1366.618000
2446198.5 1366.569000
2446199.5 1366.592000
2446200.5 1366.695000
2446201.5 1366.881000
2446202.5 NaN
2446203.5 NaN
2446204.5 1367.100000
2446205.5 1366.969000
2446206.5 1366.917000
2446207.5 1366.946000
2446208.5 1366.996000
2446209.5 1367.038000
2446210.5 1367.069000
2446211.5 1367.098000
2446212.5 1367.099000
2446213.5 1367.033000
2446214.5 1366.956000
2446215.5 1366.942000
2446216.5 1367.158000
2446217.5 1367.002000
2446218.5 1366.995000
2446219.5 1367.023000
2446220.5 1367.037000
2446221.5 1367.034000
2446222.5 1367.024000
2446223.5 1366.928000
2446224.5 1367.068000
2446225.5 1366.873000
2446226.5 1366.800000
2446227.5 1366.823000
2446228.5 1367.043000
2446229.5 1367.143000
2446230.5 NaN
2446231.5 1367.269000
2446232.5 1367.281000
2446233.5 1367.245000
2446234.5 1367.166000
2446235.5 1367.114000
2446236.5 1367.079000
2446237.5 1367.046000
2446238.5 1367.043000
2446239.5 1366.913000
2446240.5 1366.952000
2446241.5 1366.908000
2446242.5 1366.922000
2446243.5 1366.878000
2446244.5 1366.903000
2446245.5 1366.944000
2446246.5 1367.056000
2446247.5 1367.128000
2446248.5 1367.192000
2446249.5 1366.999000
2446250.5 1367.010000
2446251.5 1366.895000
2446252.5 1366.709000
2446253.5 1366.503000
2446254.5 1366.531000
2446255.5 1366.638000
2446256.5 1366.783000
2446257.5 1367.007000
2446258.5 1367.063000
2446259.5 1367.050000
2446260.5 1367.005000
2446261.5 1366.963000
2446262.5 1366.972000
2446263.5 1366.984000
2446264.5 1366.977000
2446265.5 1366.969000
2446266.5 1367.022000
2446267.5 1367.014000
2446268.5 1366.968000
2446269.5 1366.967000
2446270.5 1366.952000
2446271.5 1366.995000
2446272.5 1367.052000
2446273.5 1367.181000
2446274.5 1367.215000
2446275.5 1367.281000
2446276.5 1367.242000
2446277.5 1367.253000
2446278.5 1367.185000
2446279.5 1367.182000
2446280.5 1367.240000
2446281.5 1367.210000
2446282.5 1367.236000
2446283.5 1367.257000
2446284.5 1367.240000
2446285.5 1367.181000
2446286.5 1367.035000
2446287.5 1366.983000
2446288.5 1366.927000
2446289.5 1366.917000
2446290.5 1366.896000
2446291.5 1366.944000
2446292.5 1366.964000
2446293.5 1366.949000
2446294.5 1366.923000
2446295.5 1366.879000
2446296.5 1366.908000
2446297.5 1366.882000
2446298.5 1366.967000
2446299.5 1366.950000
2446300.5 1367.038000
2446301.5 1367.084000
2446302.5 1367.115000
2446303.5 1367.129000
2446304.5 1367.142000
2446305.5 1367.127000
2446306.5 1367.138000
2446307.5 1367.148000
2446308.5 1367.127000
2446309.5 1367.156000
2446310.5 1367.344000
2446311.5 1367.106000
2446312.5 1367.048000
2446313.5 1366.992000
2446314.5 1367.022000
2446315.5 1367.013000
2446316.5 1366.966000
2446317.5 1366.985000
2446318.5 1367.005000
2446319.5 1366.991000
2446320.5 1366.979000
2446321.5 1367.045000
2446322.5 1367.007000
2446323.5 1366.996000
2446324.5 1366.986000
2446325.5 1366.960000
2446326.5 1366.943000
2446327.5 1366.971000
2446328.5 1366.989000
2446329.5 1367.071000
2446330.5 1367.072000
2446331.5 1367.076000
2446332.5 NaN
2446333.5 1367.027000
2446334.5 1367.021000
2446335.5 1366.915000
2446336.5 1367.005000
2446337.5 1366.983000
2446338.5 1367.018000
2446339.5 1367.032000
2446340.5 1366.913000
2446341.5 1366.938000
2446342.5 1366.918000
2446343.5 1366.867000
2446344.5 1366.918000
2446345.5 1366.951000
2446346.5 1366.929000
2446347.5 1366.901000
2446348.5 NaN
2446349.5 1366.954000
2446350.5 1366.952000
2446351.5 1366.894000
2446352.5 1366.934000
2446353.5 1366.956000
2446354.5 1367.076000
2446355.5 1367.052000
2446356.5 1367.017000
2446357.5 1366.916000
2446358.5 1366.803000
2446359.5 1366.689000
2446360.5 1366.459000
2446361.5 NaN
2446362.5 1366.703000
2446363.5 1366.997000
2446364.5 1367.141000
2446365.5 1367.137000
2446366.5 1367.073000
2446367.5 1366.999000
2446368.5 1366.926000
2446369.5 1366.928000
2446370.5 1366.992000
2446371.5 1367.058000
2446372.5 1366.967000
2446373.5 1366.955000
2446374.5 1366.926000
2446375.5 1366.888000
2446376.5 1366.924000
2446377.5 1366.949000
2446378.5 1366.938000
2446379.5 1366.986000
2446380.5 1367.024000
2446381.5 1367.066000
2446382.5 1367.142000
2446383.5 1367.072000
2446384.5 1366.963000
2446385.5 NaN
2446386.5 1366.991000
2446387.5 1367.034000
2446388.5 1367.089000
2446389.5 1367.137000
2446390.5 1367.210000
2446391.5 1367.255000
2446392.5 NaN
2446393.5 1367.133000
2446394.5 1367.093000
2446395.5 NaN
2446396.5 NaN
2446397.5 NaN
2446398.5 NaN
2446399.5 NaN
2446400.5 NaN
2446401.5 NaN
2446402.5 1366.767000
2446403.5 1366.901000
2446404.5 1366.946000
2446405.5 1366.979000
2446406.5 1367.003000
2446407.5 1367.032000
2446408.5 1367.134000
2446409.5 1367.253000
2446410.5 1367.224000
2446411.5 1367.195000
2446412.5 1367.181000
2446413.5 1367.164000
2446414.5 1367.111000
2446415.5 1367.011000
2446416.5 1367.030000
2446417.5 1367.132000
2446418.5 1367.210000
2446419.5 1367.149000
2446420.5 1367.105000
2446421.5 1367.036000
2446422.5 1367.005000
2446423.5 1366.874000
2446424.5 1366.898000
2446425.5 1366.935000
2446426.5 1366.984000
2446427.5 1366.997000
2446428.5 1366.991000
2446429.5 1366.989000
2446430.5 1366.979000
2446431.5 1366.958000
2446432.5 1366.988000
2446433.5 1367.111000
2446434.5 1367.112000
2446435.5 1367.197000
2446436.5 1367.261000
2446437.5 1367.334000
2446438.5 1367.433000
2446439.5 NaN
2446440.5 NaN
2446441.5 NaN
2446442.5 NaN
2446443.5 NaN
2446444.5 NaN
2446445.5 NaN
2446446.5 NaN
2446447.5 NaN
2446448.5 NaN
2446449.5 NaN
2446450.5 NaN
2446451.5 NaN
2446452.5 1366.901000
2446453.5 1366.900000
2446454.5 1366.907000
2446455.5 1366.945000
2446456.5 1366.886000
2446457.5 1366.890000
2446458.5 1366.864000
2446459.5 1366.849000
2446460.5 1366.959000
2446461.5 1367.060000
2446462.5 1367.089000
2446463.5 1366.959000
2446464.5 1366.668000
2446465.5 1366.613000
2446466.5 1366.622000
2446467.5 1366.710000
2446468.5 1366.896000
2446469.5 1366.988000
2446470.5 1367.031000
2446471.5 1366.951000
2446472.5 1366.828000
2446473.5 1366.805000
2446474.5 1366.983000
2446475.5 1367.042000
2446476.5 1366.983000
2446477.5 1366.999000
2446478.5 1367.011000
2446479.5 1367.002000
2446480.5 1366.905000
2446481.5 1366.981000
2446482.5 1366.985000
2446483.5 1367.029000
2446484.5 1367.008000
2446485.5 1367.003000
2446486.5 1367.011000
2446487.5 1367.022000
2446488.5 1367.057000
2446489.5 1367.110000
2446490.5 1367.295000
2446491.5 1367.391000
2446492.5 1367.132000
2446493.5 1367.033000
2446494.5 1366.911000
2446495.5 1366.864000
2446496.5 1366.899000
2446497.5 1366.988000
2446498.5 1367.112000
2446499.5 1367.154000
2446500.5 1367.169000
2446501.5 1367.076000
2446502.5 1366.947000
2446503.5 NaN
2446504.5 1366.874000
2446505.5 1366.895000
2446506.5 1366.879000
2446507.5 1366.870000
2446508.5 1366.890000
2446509.5 1366.948000
2446510.5 1366.964000
2446511.5 1366.959000
2446512.5 1366.965000
2446513.5 1366.948000
2446514.5 1366.988000
2446515.5 1366.998000
2446516.5 1367.019000
2446517.5 1367.066000
2446518.5 1367.139000
2446519.5 1367.150000
2446520.5 1367.128000
2446521.5 1367.150000
2446522.5 1367.089000
2446523.5 1367.034000
2446524.5 1367.079000
2446525.5 1367.062000
2446526.5 1367.010000
2446527.5 1367.013000
2446528.5 1367.022000
2446529.5 1367.020000
2446530.5 1366.903000
2446531.5 1366.941000
2446532.5 1366.905000
2446533.5 1366.877000
2446534.5 1366.999000
2446535.5 1367.042000
2446536.5 1367.097000
2446537.5 1367.067000
2446538.5 1367.012000
2446539.5 1366.933000
2446540.5 1366.907000
2446541.5 1366.908000
2446542.5 1366.951000
2446543.5 1366.820000
2446544.5 NaN
2446545.5 NaN
2446546.5 NaN
2446547.5 NaN
2446548.5 NaN
2446549.5 NaN
2446550.5 NaN
2446551.5 1367.028000
2446552.5 1367.155000
2446553.5 1367.336000
2446554.5 1367.030000
2446555.5 1367.017000
2446556.5 1367.203000
2446557.5 1366.904000
2446558.5 1366.960000
2446559.5 1366.916000
2446560.5 1366.968000
2446561.5 1367.058000
2446562.5 1367.148000
2446563.5 1366.969000
2446564.5 1366.939000
2446565.5 1366.974000
2446566.5 1367.035000
2446567.5 1366.996000
2446568.5 1367.026000
2446569.5 1367.084000
2446570.5 1367.155000
2446571.5 1367.215000
2446572.5 1367.343000
2446573.5 1367.193000
2446574.5 1367.109000
2446575.5 1367.070000
2446576.5 1367.052000
2446577.5 1367.026000
2446578.5 1367.074000
2446579.5 1367.050000
2446580.5 1366.994000
2446581.5 1366.926000
2446582.5 NaN
2446583.5 1367.051000
2446584.5 1367.000000
2446585.5 1366.848000
2446586.5 1366.820000
2446587.5 1366.912000
2446588.5 1367.066000
2446589.5 1366.901000
2446590.5 1367.073000
2446591.5 1366.948000
2446592.5 1366.938000
2446593.5 NaN
2446594.5 1366.968000
2446595.5 1367.115000
2446596.5 1367.048000
2446597.5 1367.173000
2446598.5 1367.410000
2446599.5 1367.112000
2446600.5 1367.169000
2446601.5 1367.130000
2446602.5 1367.175000
2446603.5 1367.094000
2446604.5 1367.135000
2446605.5 1367.066000
2446606.5 1367.002000
2446607.5 1366.920000
2446608.5 1366.904000
2446609.5 1366.894000
2446610.5 1366.959000
2446611.5 1367.109000
2446612.5 1366.877000
2446613.5 1367.043000
2446614.5 1367.267000
2446615.5 1367.205000
2446616.5 1367.159000
2446617.5 1366.854000
2446618.5 1366.942000
2446619.5 1366.874000
2446620.5 1366.895000
2446621.5 1366.816000
2446622.5 1366.782000
2446623.5 1366.929000
2446624.5 1366.921000
2446625.5 1366.940000
2446626.5 1367.011000
2446627.5 1367.128000
2446628.5 1367.128000
2446629.5 1367.038000
2446630.5 1367.165000
2446631.5 1367.001000
2446632.5 1366.986000
2446633.5 1366.962000
2446634.5 1366.948000
2446635.5 1366.920000
2446636.5 1366.935000
2446637.5 1366.942000
2446638.5 1366.899000
2446639.5 1366.892000
2446640.5 1366.898000
2446641.5 1366.877000
2446642.5 NaN
2446643.5 1366.792000
2446644.5 1366.819000
2446645.5 1366.933000
2446646.5 1366.857000
2446647.5 1366.995000
2446648.5 1366.930000
2446649.5 1367.056000
2446650.5 1367.005000
2446651.5 1366.977000
2446652.5 1366.970000
2446653.5 1367.046000
2446654.5 1367.023000
2446655.5 1367.042000
2446656.5 1367.064000
2446657.5 1367.000000
2446658.5 1366.879000
2446659.5 1366.946000
2446660.5 1366.927000
2446661.5 1366.950000
2446662.5 1366.914000
2446663.5 1366.889000
2446664.5 1366.908000
2446665.5 1366.904000
2446666.5 1367.069000
2446667.5 1366.912000
2446668.5 1367.006000
2446669.5 1366.835000
2446670.5 1366.799000
2446671.5 1366.820000
2446672.5 1366.943000
2446673.5 1366.837000
2446674.5 1366.879000
2446675.5 1367.089000
2446676.5 1366.865000
2446677.5 1366.918000
2446678.5 1366.921000
2446679.5 1366.943000
2446680.5 1366.982000
2446681.5 1366.924000
2446682.5 1366.937000
2446683.5 1366.946000
2446684.5 1366.946000
2446685.5 1366.941000
2446686.5 1366.955000
2446687.5 1367.124000
2446688.5 1366.970000
2446689.5 1366.926000
2446690.5 1366.941000
2446691.5 1366.964000
2446692.5 1366.927000
2446693.5 1366.999000
2446694.5 1366.978000
2446695.5 1366.997000
2446696.5 1366.996000
2446697.5 1367.092000
2446698.5 1367.043000
2446699.5 1366.983000
2446700.5 1366.989000
2446701.5 1366.930000
2446702.5 1366.941000
2446703.5 1367.017000
2446704.5 1367.137000
2446705.5 1366.977000
2446706.5 1367.045000
2446707.5 1366.932000
2446708.5 1367.316000
2446709.5 1366.990000
2446710.5 1367.157000
2446711.5 NaN
2446712.5 1367.097000
2446713.5 1367.015000
2446714.5 1367.053000
2446715.5 1367.036000
2446716.5 1366.950000
2446717.5 1366.907000
2446718.5 1366.874000
2446719.5 1367.060000
2446720.5 1367.000000
2446721.5 1366.997000
2446722.5 1366.903000
2446723.5 1366.861000
2446724.5 1366.845000
2446725.5 1366.811000
2446726.5 1366.827000
2446727.5 1366.776000
2446728.5 1366.917000
2446729.5 1367.054000
2446730.5 1367.151000
2446731.5 1367.144000
2446732.5 1367.197000
2446733.5 1367.118000
2446734.5 1367.059000
2446735.5 1366.868000
2446736.5 1366.887000
2446737.5 1366.917000
2446738.5 1367.180000
2446739.5 1366.993000
2446740.5 1367.051000
2446741.5 1367.101000
2446742.5 1367.041000
2446743.5 1366.999000
2446744.5 1366.909000
2446745.5 1366.925000
2446746.5 1366.931000
2446747.5 NaN
2446748.5 1366.991000
2446749.5 1367.096000
2446750.5 1367.204000
2446751.5 1367.134000
2446752.5 1367.164000
2446753.5 1367.122000
2446754.5 1367.139000
2446755.5 1367.188000
2446756.5 1367.172000
2446757.5 1367.194000
2446758.5 1367.276000
2446759.5 1367.272000
2446760.5 1367.244000
2446761.5 1367.216000
2446762.5 1367.241000
2446763.5 1367.215000
2446764.5 1367.235000
2446765.5 1367.230000
2446766.5 1367.262000
2446767.5 1367.193000
2446768.5 1367.188000
2446769.5 1367.069000
2446770.5 1367.155000
2446771.5 1367.018000
2446772.5 1367.014000
2446773.5 1366.940000
2446774.5 1366.933000
2446775.5 1366.950000
2446776.5 1366.967000
2446777.5 1366.982000
2446778.5 1367.083000
2446779.5 1367.051000
2446780.5 1367.119000
2446781.5 1367.054000
2446782.5 1367.020000
2446783.5 1367.018000
2446784.5 1367.056000
2446785.5 1367.075000
2446786.5 1366.993000
2446787.5 1367.024000
2446788.5 1367.094000
2446789.5 1367.000000
2446790.5 1366.978000
2446791.5 1366.957000
2446792.5 1366.980000
2446793.5 1366.915000
2446794.5 1366.931000
2446795.5 NaN
2446796.5 1366.852000
2446797.5 1367.060000
2446798.5 1366.861000
2446799.5 1366.914000
2446800.5 1366.923000
2446801.5 1366.999000
2446802.5 1366.951000
2446803.5 1366.873000
2446804.5 1366.939000
2446805.5 1366.921000
2446806.5 1366.981000
2446807.5 1366.996000
2446808.5 1367.224000
2446809.5 1367.045000
2446810.5 1367.114000
2446811.5 1367.170000
2446812.5 1367.153000
2446813.5 1367.149000
2446814.5 1367.333000
2446815.5 1367.201000
2446816.5 1367.065000
2446817.5 1367.021000
2446818.5 1367.185000
2446819.5 1366.999000
2446820.5 1366.966000
2446821.5 1366.933000
2446822.5 1366.861000
2446823.5 1366.846000
2446824.5 1366.866000
2446825.5 1366.829000
2446826.5 1366.858000
2446827.5 1366.897000
2446828.5 1366.964000
2446829.5 1366.871000
2446830.5 1366.824000
2446831.5 1366.962000
2446832.5 1366.869000
2446833.5 1366.838000
2446834.5 1367.005000
2446835.5 1367.004000
2446836.5 1366.936000
2446837.5 1366.949000
2446838.5 1367.023000
2446839.5 1366.950000
2446840.5 1366.998000
2446841.5 1367.042000
2446842.5 1367.027000
2446843.5 1367.061000
2446844.5 1366.961000
2446845.5 1366.980000
2446846.5 1366.953000
2446847.5 1366.977000
2446848.5 1366.971000
2446849.5 1366.905000
2446850.5 1366.932000
2446851.5 1366.872000
2446852.5 1366.942000
2446853.5 1367.008000
2446854.5 1367.075000
2446855.5 1366.924000
2446856.5 1367.129000
2446857.5 1366.925000
2446858.5 1367.249000
2446859.5 1366.920000
2446860.5 1366.823000
2446861.5 1366.811000
2446862.5 1366.839000
2446863.5 1366.831000
2446864.5 1366.827000
2446865.5 1366.815000
2446866.5 1366.823000
2446867.5 1366.821000
2446868.5 1366.832000
2446869.5 1366.881000
2446870.5 1366.906000
2446871.5 1366.883000
2446872.5 1366.900000
2446873.5 1366.920000
2446874.5 1366.921000
2446875.5 1367.095000
2446876.5 1366.917000
2446877.5 1366.917000
2446878.5 1366.934000
2446879.5 1366.948000
2446880.5 1366.971000
2446881.5 1367.008000
2446882.5 1366.926000
2446883.5 1366.922000
2446884.5 1366.713000
2446885.5 1366.821000
2446886.5 1367.129000
2446887.5 1366.808000
2446888.5 1367.110000
2446889.5 1366.708000
2446890.5 1366.820000
2446891.5 1366.751000
2446892.5 1366.540000
2446893.5 1367.126000
2446894.5 1366.543000
2446895.5 NaN
2446896.5 1367.118000
2446897.5 1366.545000
2446898.5 1366.703000
2446899.5 1367.193000
2446900.5 1366.841000
2446901.5 1366.930000
2446902.5 1367.036000
2446903.5 1367.138000
2446904.5 1367.211000
2446905.5 1367.078000
2446906.5 1366.947000
2446907.5 1367.023000
2446908.5 1367.109000
2446909.5 1366.981000
2446910.5 1366.961000
2446911.5 1366.981000
2446912.5 1366.900000
2446913.5 1366.856000
2446914.5 1366.887000
2446915.5 1366.948000
2446916.5 1366.920000
2446917.5 1366.998000
2446918.5 1366.941000
2446919.5 1367.092000
2446920.5 1367.296000
2446921.5 1367.150000
2446922.5 1367.163000
2446923.5 1367.143000
2446924.5 1367.188000
2446925.5 1367.251000
2446926.5 1367.228000
2446927.5 1367.292000
2446928.5 1367.363000
2446929.5 1367.281000
2446930.5 1367.314000
2446931.5 1367.280000
2446932.5 1367.044000
2446933.5 1366.977000
2446934.5 1366.844000
2446935.5 1366.698000
2446936.5 1367.155000
2446937.5 1366.525000
2446938.5 1366.882000
2446939.5 1366.957000
2446940.5 1366.915000
2446941.5 1367.032000
2446942.5 1366.950000
2446943.5 1366.798000
2446944.5 1366.962000
2446945.5 1366.817000
2446946.5 1366.883000
2446947.5 1366.994000
2446948.5 1367.087000
2446949.5 1367.057000
2446950.5 1367.078000
2446951.5 1367.073000
2446952.5 1367.098000
2446953.5 1367.127000
2446954.5 1367.143000
2446955.5 1367.129000
2446956.5 1367.109000
2446957.5 1367.128000
2446958.5 1367.160000
2446959.5 1367.240000
2446960.5 1367.229000
2446961.5 1367.282000
2446962.5 1367.277000
2446963.5 1367.119000
2446964.5 NaN
2446965.5 1367.174000
2446966.5 1367.188000
2446967.5 1367.230000
2446968.5 1367.112000
2446969.5 1367.008000
2446970.5 1366.986000
2446971.5 1367.042000
2446972.5 1367.061000
2446973.5 1367.175000
2446974.5 1367.172000
2446975.5 1367.122000
2446976.5 NaN
2446977.5 1367.127000
2446978.5 1367.261000
2446979.5 1367.084000
2446980.5 1367.085000
2446981.5 1367.101000
2446982.5 1367.033000
2446983.5 1367.024000
2446984.5 1366.964000
2446985.5 1366.988000
2446986.5 1366.970000
2446987.5 1366.952000
2446988.5 1366.985000
2446989.5 1366.997000
2446990.5 1367.050000
2446991.5 1367.055000
2446992.5 1367.112000
2446993.5 1367.128000
2446994.5 1367.138000
2446995.5 1367.258000
2446996.5 1367.143000
2446997.5 1367.162000
2446998.5 1367.149000
2446999.5 1367.066000
2447000.5 1367.057000
2447001.5 1367.132000
2447002.5 1367.137000
2447003.5 1367.123000
2447004.5 1367.153000
2447005.5 1367.291000
2447006.5 1367.252000
2447007.5 1367.192000
2447008.5 1367.094000
2447009.5 1367.057000
2447010.5 1367.141000
2447011.5 1367.066000
2447012.5 1367.056000
2447013.5 1367.006000
2447014.5 1366.966000
2447015.5 1367.177000
2447016.5 1366.853000
2447017.5 1367.101000
2447018.5 1367.188000
2447019.5 1367.106000
2447020.5 1367.010000
2447021.5 1366.982000
2447022.5 1366.871000
2447023.5 1366.821000
2447024.5 1366.917000
2447025.5 1366.943000
2447026.5 1366.972000
2447027.5 1367.095000
2447028.5 1367.164000
2447029.5 1367.180000
2447030.5 1367.391000
2447031.5 1367.292000
2447032.5 1367.246000
2447033.5 1367.136000
2447034.5 1367.190000
2447035.5 1367.142000
2447036.5 1367.290000
2447037.5 1367.154000
2447038.5 NaN
2447039.5 1367.146000
2447040.5 1367.200000
2447041.5 1367.176000
2447042.5 1367.181000
2447043.5 1367.088000
2447044.5 1367.142000
2447045.5 1366.878000
2447046.5 1366.766000
2447047.5 1366.920000
2447048.5 1367.116000
2447049.5 1367.232000
2447050.5 NaN
2447051.5 1367.305000
2447052.5 1367.400000
2447053.5 1367.265000
2447054.5 1367.246000
2447055.5 1367.338000
2447056.5 1367.326000
2447057.5 1367.318000
2447058.5 1367.299000
2447059.5 1367.223000
2447060.5 1367.123000
2447061.5 1367.134000
2447062.5 1367.082000
2447063.5 1367.088000
2447064.5 1367.154000
2447065.5 1367.093000
2447066.5 NaN
2447067.5 NaN
2447068.5 NaN
2447069.5 1367.232000
2447070.5 NaN
2447071.5 NaN
2447072.5 NaN
2447073.5 NaN
2447074.5 1367.118000
2447075.5 NaN
2447076.5 NaN
2447077.5 1367.378000
2447078.5 1367.352000
2447079.5 1367.582000
2447080.5 1367.244000
2447081.5 1367.063000
2447082.5 1366.879000
2447083.5 1366.791000
2447084.5 1366.904000
2447085.5 1367.034000
2447086.5 1367.224000
2447087.5 1367.460000
2447088.5 1367.422000
2447089.5 1367.395000
2447090.5 1367.260000
2447091.5 1367.181000
2447092.5 1367.233000
2447093.5 1367.284000
2447094.5 1367.344000
2447095.5 1367.325000
2447096.5 1367.230000
2447097.5 1367.141000
2447098.5 1367.124000
2447099.5 1367.218000
2447100.5 1367.293000
2447101.5 1367.387000
2447102.5 1367.548000
2447103.5 1367.578000
2447104.5 1367.700000
2447105.5 1367.560000
2447106.5 1367.392000
2447107.5 1367.376000
2447108.5 1367.419000
2447109.5 1367.408000
2447110.5 NaN
2447111.5 NaN
2447112.5 1367.318000
2447113.5 1367.229000
2447114.5 1367.078000
2447115.5 NaN
2447116.5 NaN
2447117.5 NaN
2447118.5 NaN
2447119.5 NaN
2447120.5 1366.976000
2447121.5 1367.155000
2447122.5 1367.356000
2447123.5 1367.399000
2447124.5 1367.484000
2447125.5 1367.562000
2447126.5 NaN
2447127.5 NaN
2447128.5 NaN
2447129.5 NaN
2447130.5 1367.640000
2447131.5 1367.683000
2447132.5 1367.636000
2447133.5 1367.620000
2447134.5 1367.606000
2447135.5 1367.556000
2447136.5 NaN
2447137.5 NaN
2447138.5 1367.559000
2447139.5 1367.584000
2447140.5 1367.495000
2447141.5 1367.472000
2447142.5 1367.449000
2447143.5 1367.536000
2447144.5 1367.532000
2447145.5 1367.454000
2447146.5 1367.429000
2447147.5 1367.376000
2447148.5 1367.369000
2447149.5 1367.424000
2447150.5 1367.438000
2447151.5 1367.448000
2447152.5 1367.483000
2447153.5 1367.437000
2447154.5 1367.430000
2447155.5 1367.427000
2447156.5 1367.359000
2447157.5 1367.353000
2447158.5 1367.359000
2447159.5 1367.382000
2447160.5 NaN
2447161.5 1367.210000
2447162.5 1367.217000
2447163.5 1367.299000
2447164.5 1367.514000
2447165.5 1367.565000
2447166.5 1367.598000
2447167.5 1367.660000
2447168.5 1367.332000
2447169.5 1367.433000
2447170.5 1367.373000
2447171.5 1367.407000
2447172.5 1367.478000
2447173.5 1367.644000
2447174.5 1367.772000
2447175.5 1367.798000
2447176.5 1367.483000
2447177.5 1367.467000
2447178.5 1367.428000
2447179.5 1367.359000
2447180.5 1367.157000
2447181.5 1367.246000
2447182.5 1367.339000
2447183.5 1367.550000
2447184.5 1367.660000
2447185.5 1367.626000
2447186.5 1367.556000
2447187.5 1367.221000
2447188.5 1367.342000
2447189.5 1367.419000
2447190.5 1367.451000
2447191.5 1367.535000
2447192.5 1367.346000
2447193.5 1367.646000
2447194.5 1367.610000
2447195.5 1367.606000
2447196.5 1367.575000
2447197.5 1367.573000
2447198.5 1367.526000
2447199.5 1367.659000
2447200.5 1367.738000
2447201.5 1367.756000
2447202.5 1367.764000
2447203.5 1367.600000
2447204.5 1367.502000
2447205.5 1367.481000
2447206.5 1367.355000
2447207.5 1367.300000
2447208.5 1367.198000
2447209.5 1367.134000
2447210.5 1367.057000
2447211.5 1367.134000
2447212.5 1367.193000
2447213.5 1367.248000
2447214.5 1367.359000
2447215.5 1367.373000
2447216.5 1367.436000
2447217.5 1367.430000
2447218.5 1367.290000
2447219.5 1367.454000
2447220.5 NaN
2447221.5 1367.340000
2447222.5 1367.204000
2447223.5 1367.225000
2447224.5 1367.174000
2447225.5 1367.310000
2447226.5 1367.331000
2447227.5 1367.424000
2447228.5 1367.520000
2447229.5 1367.527000
2447230.5 1367.551000
2447231.5 1367.467000
2447232.5 1367.630000
2447233.5 1367.541000
2447234.5 1367.324000
2447235.5 1367.167000
2447236.5 1366.816000
2447237.5 1366.774000
2447238.5 1366.695000
2447239.5 1366.771000
2447240.5 1366.885000
2447241.5 1367.173000
2447242.5 1367.348000
2447243.5 1367.286000
2447244.5 1367.314000
2447245.5 1367.302000
2447246.5 1366.937000
2447247.5 1367.314000
2447248.5 1367.297000
2447249.5 1367.175000
2447250.5 1367.135000
2447251.5 1367.147000
2447252.5 1367.091000
2447253.5 1367.239000
2447254.5 1367.397000
2447255.5 1367.477000
2447256.5 1367.603000
2447257.5 1367.323000
2447258.5 1367.244000
2447259.5 1367.217000
2447260.5 1367.400000
2447261.5 1367.519000
2447262.5 1367.496000
2447263.5 1367.530000
2447264.5 1367.654000
2447265.5 1367.311000
2447266.5 1367.079000
2447267.5 1366.865000
2447268.5 1366.917000
2447269.5 1367.041000
2447270.5 1367.133000
2447271.5 1367.485000
2447272.5 1367.423000
2447273.5 1367.683000
2447274.5 1367.737000
2447275.5 1367.676000
2447276.5 1367.465000
2447277.5 1367.423000
2447278.5 1367.304000
2447279.5 1367.237000
2447280.5 1367.213000
2447281.5 NaN
2447282.5 1367.258000
2447283.5 1367.341000
2447284.5 1367.415000
2447285.5 1367.424000
2447286.5 1367.547000
2447287.5 1367.840000
2447288.5 1367.620000
2447289.5 1367.738000
2447290.5 1367.668000
2447291.5 1367.845000
2447292.5 1367.811000
2447293.5 1367.828000
2447294.5 1367.836000
2447295.5 1367.779000
2447296.5 1367.750000
2447297.5 1367.627000
2447298.5 1367.583000
2447299.5 1367.601000
2447300.5 1367.639000
2447301.5 1367.764000
2447302.5 1367.705000
2447303.5 1367.817000
2447304.5 1367.771000
2447305.5 1367.631000
2447306.5 1367.401000
2447307.5 1367.207000
2447308.5 1367.167000
2447309.5 1367.208000
2447310.5 1367.276000
2447311.5 1367.380000
2447312.5 1367.498000
2447313.5 1367.553000
2447314.5 1367.589000
2447315.5 1367.187000
2447316.5 1367.094000
2447317.5 1367.115000
2447318.5 1367.290000
2447319.5 1367.445000
2447320.5 1367.432000
2447321.5 1367.524000
2447322.5 1367.738000
2447323.5 1367.711000
2447324.5 1367.485000
2447325.5 1367.429000
2447326.5 1367.320000
2447327.5 1367.426000
2447328.5 1367.512000
2447329.5 1367.457000
2447330.5 1367.306000
2447331.5 1367.334000
2447332.5 1367.177000
2447333.5 1367.112000
2447334.5 1367.062000
2447335.5 1366.937000
2447336.5 1366.941000
2447337.5 1367.285000
2447338.5 1367.628000
2447339.5 1367.380000
2447340.5 1366.813000
2447341.5 1365.900000
2447342.5 1365.344000
2447343.5 1365.219000
2447344.5 NaN
2447345.5 1365.346000
2447346.5 1366.024000
2447347.5 1366.956000
2447348.5 1367.688000
2447349.5 1367.831000
2447350.5 1367.646000
2447351.5 1367.177000
2447352.5 1366.985000
2447353.5 1366.910000
2447354.5 1366.960000
2447355.5 1367.156000
2447356.5 1367.070000
2447357.5 1366.979000
2447358.5 1366.673000
2447359.5 1366.547000
2447360.5 1366.772000
2447361.5 1366.961000
2447362.5 1367.086000
2447363.5 1367.317000
2447364.5 1367.564000
2447365.5 1367.737000
2447366.5 1368.052000
2447367.5 1367.968000
2447368.5 1367.802000
2447369.5 1367.508000
2447370.5 1367.288000
2447371.5 1367.176000
2447372.5 1366.925000
2447373.5 1366.735000
2447374.5 1366.792000
2447375.5 1367.220000
2447376.5 1367.266000
2447377.5 1367.525000
2447378.5 1367.439000
2447379.5 1367.419000
2447380.5 1367.506000
2447381.5 1367.404000
2447382.5 1367.167000
2447383.5 1366.816000
2447384.5 1366.382000
2447385.5 1366.224000
2447386.5 1366.378000
2447387.5 1366.721000
2447388.5 1367.169000
2447389.5 1367.222000
2447390.5 1367.633000
2447391.5 1367.759000
2447392.5 1367.827000
2447393.5 1367.831000
2447394.5 1367.874000
2447395.5 1367.790000
2447396.5 1367.766000
2447397.5 1367.783000
2447398.5 1367.760000
2447399.5 1367.636000
2447400.5 1367.866000
2447401.5 1367.994000
2447402.5 1367.674000
2447403.5 1367.270000
2447404.5 1366.738000
2447405.5 1366.294000
2447406.5 1366.531000
2447407.5 1367.119000
2447408.5 1367.311000
2447409.5 1367.784000
2447410.5 1368.174000
2447411.5 1368.103000
2447412.5 1367.948000
2447413.5 1367.949000
2447414.5 1367.924000
2447415.5 1367.818000
2447416.5 1367.830000
2447417.5 1367.859000
2447418.5 1367.796000
2447419.5 1367.728000
2447420.5 1367.745000
2447421.5 1367.747000
2447422.5 1367.789000
2447423.5 1367.762000
2447424.5 1367.850000
2447425.5 1367.902000
2447426.5 1367.849000
2447427.5 1367.786000
2447428.5 1368.014000
2447429.5 1368.130000
2447430.5 1368.117000
2447431.5 1368.127000
2447432.5 1368.150000
2447433.5 1368.101000
2447434.5 1367.876000
2447435.5 1367.821000
2447436.5 1367.754000
2447437.5 1367.881000
2447438.5 1367.570000
2447439.5 1367.463000
2447440.5 1367.178000
2447441.5 1366.910000
2447442.5 1366.762000
2447443.5 1366.832000
2447444.5 1367.035000
2447445.5 1367.357000
2447446.5 1367.797000
2447447.5 1368.010000
2447448.5 1368.010000
2447449.5 1368.012000
2447450.5 1367.943000
2447451.5 1368.113000
2447452.5 1367.850000
2447453.5 1367.867000
2447454.5 1367.651000
2447455.5 1367.580000
2447456.5 1367.344000
2447457.5 1367.148000
2447458.5 1367.038000
2447459.5 1367.141000
2447460.5 1367.454000
2447461.5 1367.802000
2447462.5 1367.827000
2447463.5 1368.256000
2447464.5 1368.276000
2447465.5 1367.967000
2447466.5 1367.808000
2447467.5 1367.558000
2447468.5 1367.158000
2447469.5 1366.724000
2447470.5 1366.547000
2447471.5 1366.693000
2447472.5 1367.067000
2447473.5 1367.179000
2447474.5 1367.435000
2447475.5 1367.644000
2447476.5 1367.626000
2447477.5 1367.803000
2447478.5 1367.682000
2447479.5 1367.459000
2447480.5 1367.588000
2447481.5 1367.557000
2447482.5 1367.629000
2447483.5 1367.667000
2447484.5 1367.682000
2447485.5 1367.824000
2447486.5 1367.937000
2447487.5 1367.855000
2447488.5 1368.009000
2447489.5 1368.084000
2447490.5 1368.248000
2447491.5 1368.147000
2447492.5 1368.038000
2447493.5 1367.977000
2447494.5 1367.816000
2447495.5 1367.790000
2447496.5 1367.604000
2447497.5 1367.562000
2447498.5 1367.543000
2447499.5 1367.803000
2447500.5 1368.174000
2447501.5 1368.305000
2447502.5 1368.388000
2447503.5 1368.460000
2447504.5 NaN
2447505.5 1368.437000
2447506.5 1368.263000
2447507.5 1368.213000
2447508.5 1367.884000
2447509.5 1367.793000
2447510.5 1367.474000
2447511.5 1367.062000
2447512.5 1366.825000
2447513.5 1366.603000
2447514.5 1366.413000
2447515.5 1366.431000
2447516.5 1366.538000
2447517.5 1366.826000
2447518.5 1366.967000
2447519.5 1367.236000
2447520.5 1367.390000
2447521.5 1367.198000
2447522.5 1366.791000
2447523.5 1366.815000
2447524.5 1367.010000
2447525.5 1367.431000
2447526.5 1367.651000
2447527.5 1367.831000
2447528.5 1368.021000
2447529.5 1367.996000
2447530.5 1367.930000
2447531.5 1367.942000
2447532.5 1367.967000
2447533.5 1367.984000
2447534.5 1367.770000
2447535.5 1367.595000
2447536.5 1367.579000
2447537.5 1367.809000
2447538.5 1367.795000
2447539.5 1367.738000
2447540.5 1367.475000
2447541.5 1366.995000
2447542.5 1366.631000
2447543.5 1366.756000
2447544.5 1367.267000
2447545.5 1367.909000
2447546.5 1368.316000
2447547.5 1368.712000
2447548.5 1368.732000
2447549.5 1368.247000
2447550.5 NaN
2447551.5 1367.215000
2447552.5 1366.966000
2447553.5 1367.285000
2447554.5 1367.296000
2447555.5 1367.378000
2447556.5 1367.811000
2447557.5 1368.132000
2447558.5 1368.339000
2447559.5 1368.287000
2447560.5 1368.322000
2447561.5 1368.483000
2447562.5 1368.717000
2447563.5 1368.827000
2447564.5 1368.901000
2447565.5 1368.690000
2447566.5 1368.411000
2447567.5 1367.948000
2447568.5 1367.769000
2447569.5 1367.703000
2447570.5 1367.769000
2447571.5 1367.584000
2447572.5 1367.747000
2447573.5 1368.123000
2447574.5 1368.236000
2447575.5 1368.608000
2447576.5 1368.738000
2447577.5 1368.453000
2447578.5 1367.767000
2447579.5 1367.400000
2447580.5 1367.239000
2447581.5 1367.286000
2447582.5 1367.857000
2447583.5 1369.008000
2447584.5 1368.277000
2447585.5 1368.279000
2447586.5 1368.101000
2447587.5 1368.026000
2447588.5 1367.743000
2447589.5 1367.985000
2447590.5 1368.181000
2447591.5 1368.453000
2447592.5 1368.547000
2447593.5 1368.377000
2447594.5 1367.987000
2447595.5 1367.492000
2447596.5 1367.087000
2447597.5 1366.493000
2447598.5 1366.505000
2447599.5 1366.880000
2447600.5 1367.381000
2447601.5 1367.893000
2447602.5 1368.383000
2447603.5 1368.754000
2447604.5 1368.689000
2447605.5 1368.231000
2447606.5 1367.909000
2447607.5 1367.446000
2447608.5 1367.630000
2447609.5 NaN
2447610.5 1367.923000
2447611.5 1368.028000
2447612.5 1367.992000
2447613.5 1367.847000
2447614.5 1367.939000
2447615.5 1368.005000
2447616.5 1367.986000
2447617.5 1367.937000
2447618.5 1367.889000
2447619.5 1367.559000
2447620.5 1367.639000
2447621.5 1367.761000
2447622.5 1367.942000
2447623.5 1368.191000
2447624.5 1368.323000
2447625.5 1368.787000
2447626.5 1369.162000
2447627.5 1369.330000
2447628.5 1369.429000
2447629.5 1369.330000
2447630.5 1368.910000
2447631.5 1368.338000
2447632.5 1367.901000
2447633.5 1367.559000
2447634.5 1367.398000
2447635.5 1367.366000
2447636.5 1367.549000
2447637.5 1367.583000
2447638.5 1367.749000
2447639.5 1367.649000
2447640.5 1367.605000
2447641.5 1367.548000
2447642.5 1367.780000
2447643.5 1367.667000
2447644.5 1367.951000
2447645.5 1367.977000
2447646.5 1367.986000
2447647.5 1367.955000
2447648.5 1367.900000
2447649.5 1367.923000
2447650.5 1367.925000
2447651.5 1368.038000
2447652.5 1368.248000
2447653.5 1368.545000
2447654.5 1368.753000
2447655.5 1368.945000
2447656.5 1369.125000
2447657.5 1369.111000
2447658.5 1369.709000
2447659.5 1369.040000
2447660.5 1368.907000
2447661.5 1368.711000
2447662.5 1368.552000
2447663.5 1368.399000
2447664.5 1368.345000
2447665.5 1368.255000
2447666.5 1367.780000
2447667.5 1367.289000
2447668.5 1367.888000
2447669.5 1367.681000
2447670.5 1367.719000
2447671.5 1367.649000
2447672.5 1367.595000
2447673.5 1367.638000
2447674.5 1367.650000
2447675.5 1367.729000
2447676.5 1367.588000
2447677.5 1367.543000
2447678.5 1367.714000
2447679.5 NaN
2447680.5 NaN
2447681.5 NaN
2447682.5 NaN
2447683.5 NaN
2447684.5 NaN
2447685.5 NaN
2447686.5 NaN
2447687.5 NaN
2447688.5 NaN
2447689.5 NaN
2447690.5 NaN
2447691.5 NaN
2447692.5 NaN
2447693.5 NaN
2447694.5 NaN
2447695.5 NaN
2447696.5 NaN
2447697.5 NaN
2447698.5 NaN
2447699.5 NaN
2447700.5 NaN
2447701.5 NaN
2447702.5 NaN
2447703.5 NaN
2447704.5 NaN
2447705.5 NaN
2447706.5 NaN
2447707.5 NaN
2447708.5 NaN
2447709.5 NaN
2447710.5 NaN
2447711.5 NaN
2447712.5 NaN
2447713.5 NaN
2447714.5 NaN
2447715.5 NaN
2447716.5 NaN
2447717.5 NaN
2447718.5 NaN
2447719.5 NaN
2447720.5 NaN
2447721.5 NaN
2447722.5 NaN
2447723.5 NaN
2447724.5 NaN
2447725.5 NaN
2447726.5 NaN
2447727.5 NaN
2447728.5 NaN
2447729.5 NaN
2447730.5 NaN
2447731.5 NaN
2447732.5 NaN
2447733.5 NaN
2447734.5 NaN
2447735.5 NaN
2447736.5 NaN
2447737.5 NaN
2447738.5 NaN
2447739.5 NaN
2447740.5 NaN
2447741.5 NaN
2447742.5 NaN
2447743.5 NaN
2447744.5 NaN
2447745.5 NaN
2447746.5 NaN
2447747.5 NaN
2447748.5 NaN
2447749.5 NaN
2447750.5 NaN
2447751.5 NaN
2447752.5 NaN
2447753.5 NaN
2447754.5 NaN
2447755.5 NaN
2447756.5 NaN
2447757.5 NaN
2447758.5 NaN
2447759.5 NaN
2447760.5 NaN
2447761.5 NaN
2447762.5 NaN
2447763.5 NaN
2447764.5 NaN
2447765.5 NaN
2447766.5 NaN
2447767.5 NaN
2447768.5 NaN
2447769.5 NaN
2447770.5 NaN
2447771.5 NaN
2447772.5 NaN
2447773.5 NaN
2447774.5 NaN
2447775.5 NaN
2447776.5 NaN
2447777.5 NaN
2447778.5 NaN
2447779.5 NaN
2447780.5 NaN
2447781.5 NaN
2447782.5 NaN
2447783.5 NaN
2447784.5 NaN
2447785.5 NaN
2447786.5 NaN
2447787.5 NaN
2447788.5 NaN
2447789.5 NaN
2447790.5 NaN
2447791.5 NaN
2447792.5 NaN
2447793.5 NaN
2447794.5 NaN
2447795.5 NaN
2447796.5 NaN
2447797.5 NaN
2447798.5 NaN
2447799.5 NaN
2447800.5 NaN
2447801.5 NaN
2447802.5 NaN
2447803.5 NaN
2447804.5 NaN
2447805.5 NaN
2447806.5 NaN
2447807.5 NaN
2447808.5 NaN
2447809.5 NaN
2447810.5 NaN
2447811.5 NaN
2447812.5 NaN
2447813.5 NaN
2447814.5 NaN
2447815.5 NaN
2447816.5 NaN
2447817.5 NaN
2447818.5 NaN
2447819.5 NaN
2447820.5 NaN
2447821.5 NaN
2447822.5 NaN
2447823.5 NaN
2447824.5 NaN
2447825.5 NaN
2447826.5 NaN
2447827.5 NaN
2447828.5 NaN
2447829.5 NaN
2447830.5 NaN
2447831.5 NaN
2447832.5 NaN
2447833.5 NaN
2447834.5 NaN
2447835.5 NaN
2447836.5 NaN
2447837.5 NaN
2447838.5 NaN
2447839.5 NaN
2447840.5 NaN
2447841.5 NaN
2447842.5 NaN
2447843.5 NaN
2447844.5 NaN
2447845.5 NaN
2447846.5 NaN
2447847.5 NaN
2447848.5 NaN
2447849.5 NaN
2447850.5 NaN
2447851.5 NaN
2447852.5 NaN
2447853.5 NaN
2447854.5 NaN
2447855.5 NaN
2447856.5 NaN
2447857.5 NaN
2447858.5 NaN
2447859.5 NaN
2447860.5 NaN
2447861.5 NaN
2447862.5 NaN
2447863.5 NaN
2447864.5 NaN
2447865.5 NaN
2447866.5 NaN
2447867.5 NaN
2447868.5 NaN
2447869.5 NaN
2447870.5 NaN
2447871.5 NaN
2447872.5 NaN
2447873.5 NaN
2447874.5 NaN
2447875.5 NaN
2447876.5 NaN
2447877.5 NaN
2447878.5 NaN
2447879.5 NaN
2447880.5 NaN
2447881.5 NaN
2447882.5 NaN
2447883.5 NaN
2447884.5 NaN
2447885.5 NaN
2447886.5 NaN
2447887.5 NaN
2447888.5 NaN
2447889.5 NaN
2447890.5 NaN
2447891.5 NaN
