TCTE
Version: v3L3
Created: 08-Jun-2022
JD        Value 
2456640.5 NaN
2456641.5 NaN
2456642.5 NaN
2456643.5 1362.001700
2456644.5 1361.877300
2456645.5 1361.914700
2456646.5 1361.785100
2456647.5 1361.784200
2456648.5 1361.813700
2456649.5 1361.728100
2456650.5 1361.599300
2456651.5 1361.632400
2456652.5 1361.448800
2456653.5 1361.748100
2456654.5 1361.782100
2456655.5 1361.851400
2456656.5 1361.819700
2456657.5 1361.845700
2456658.5 1361.853600
2456659.5 1361.931500
2456660.5 1362.055300
2456661.5 1361.853300
2456662.5 1361.508300
2456663.5 1360.845000
2456664.5 1360.395200
2456665.5 1360.187800
2456666.5 1360.225000
2456667.5 NaN
2456668.5 1361.205000
2456669.5 1361.586500
2456670.5 1361.832400
2456671.5 1361.982000
2456672.5 1361.908800
2456673.5 1361.919300
2456674.5 1362.064900
2456675.5 1362.089700
2456676.5 1362.043700
2456677.5 1362.029700
2456678.5 1361.794000
2456679.5 1361.812700
2456680.5 1361.759800
2456681.5 1361.541800
2456682.5 1361.834900
2456683.5 1361.811100
2456684.5 1361.875700
2456685.5 1362.032100
2456686.5 1362.162400
2456687.5 1361.888800
2456688.5 1361.913400
2456689.5 1361.591000
2456690.5 1360.866800
2456691.5 1360.094400
2456692.5 1359.820700
2456693.5 1360.190800
2456694.5 1360.341900
2456695.5 1361.124400
2456696.5 1361.719500
2456697.5 1362.108600
2456698.5 1362.001200
2456699.5 1361.694900
2456700.5 1361.458200
2456701.5 1361.076800
2456702.5 1361.035500
2456703.5 1360.859100
2456704.5 1360.933100
2456705.5 1361.338300
2456706.5 1361.709800
2456707.5 1361.871300
2456708.5 1361.862700
2456709.5 1361.837000
2456710.5 1361.720500
2456711.5 1361.493600
2456712.5 1361.343300
2456713.5 1361.616400
2456714.5 1361.883900
2456715.5 1362.267900
2456716.5 1362.277400
2456717.5 1362.060800
2456718.5 1361.938600
2456719.5 1361.777000
2456720.5 1361.795300
2456721.5 1362.068200
2456722.5 1362.328800
2456723.5 1362.635000
2456724.5 1362.530100
2456725.5 1362.451400
2456726.5 1362.304300
2456727.5 1362.099400
2456728.5 1361.716200
2456729.5 NaN
2456730.5 1361.696100
2456731.5 1361.870800
2456732.5 1361.984100
2456733.5 1362.073800
2456734.5 1362.103600
2456735.5 1362.113800
2456736.5 1362.219900
2456737.5 1362.127200
2456738.5 1362.138200
2456739.5 1362.099800
2456740.5 1362.114900
2456741.5 1362.048400
2456742.5 1362.005900
2456743.5 1362.321600
2456744.5 1362.411100
2456745.5 1362.485400
2456746.5 1362.489500
2456747.5 1362.519100
2456748.5 1362.457700
2456749.5 1362.146300
2456750.5 NaN
2456751.5 1361.839000
2456752.5 1361.672600
2456753.5 1361.771600
2456754.5 1361.944300
2456755.5 1362.172200
2456756.5 1362.164200
2456757.5 1362.073800
2456758.5 1362.311500
2456759.5 1362.229800
2456760.5 1362.045300
2456761.5 1361.983800
2456762.5 1361.804200
2456763.5 1361.390300
2456764.5 1361.034500
2456765.5 1361.296700
2456766.5 1361.396900
2456767.5 1361.861100
2456768.5 1362.309400
2456769.5 1362.477200
2456770.5 1362.257900
2456771.5 1362.065700
2456772.5 1362.126900
2456773.5 1362.223200
2456774.5 1362.183500
2456775.5 1362.177600
2456776.5 1362.114200
2456777.5 1361.981400
2456778.5 1361.676300
2456779.5 1361.581800
2456780.5 1361.171500
2456781.5 1361.237200
2456782.5 1361.653600
2456783.5 1361.860200
2456784.5 1361.970200
2456785.5 1361.725600
2456786.5 1361.765200
2456787.5 NaN
2456788.5 NaN
2456789.5 1361.468200
2456790.5 NaN
2456791.5 1361.664600
2456792.5 NaN
2456793.5 1362.042500
2456794.5 NaN
2456795.5 NaN
2456796.5 1362.623500
2456797.5 NaN
2456798.5 1362.110900
2456799.5 NaN
2456800.5 NaN
2456801.5 NaN
2456802.5 1362.021200
2456803.5 NaN
2456804.5 NaN
2456805.5 NaN
2456806.5 NaN
2456807.5 NaN
2456808.5 NaN
2456809.5 1362.134400
2456810.5 NaN
2456811.5 NaN
2456812.5 NaN
2456813.5 NaN
2456814.5 NaN
2456815.5 NaN
2456816.5 1361.443100
2456817.5 NaN
2456818.5 NaN
2456819.5 NaN
2456820.5 NaN
2456821.5 NaN
2456822.5 NaN
2456823.5 1362.084200
2456824.5 NaN
2456825.5 NaN
2456826.5 NaN
2456827.5 NaN
2456828.5 NaN
2456829.5 NaN
2456830.5 1361.756200
2456831.5 NaN
2456832.5 NaN
2456833.5 NaN
2456834.5 NaN
2456835.5 NaN
2456836.5 NaN
2456837.5 1361.677100
2456838.5 NaN
2456839.5 NaN
2456840.5 NaN
2456841.5 NaN
2456842.5 NaN
2456843.5 NaN
2456844.5 1361.144200
2456845.5 NaN
2456846.5 NaN
2456847.5 NaN
2456848.5 NaN
2456849.5 NaN
2456850.5 NaN
2456851.5 1361.912100
2456852.5 NaN
2456853.5 NaN
2456854.5 NaN
2456855.5 NaN
2456856.5 NaN
2456857.5 NaN
2456858.5 NaN
2456859.5 1361.543700
2456860.5 NaN
2456861.5 NaN
2456862.5 NaN
2456863.5 NaN
2456864.5 NaN
2456865.5 1361.804800
2456866.5 NaN
2456867.5 NaN
2456868.5 NaN
2456869.5 NaN
2456870.5 NaN
2456871.5 NaN
2456872.5 1362.405200
2456873.5 NaN
2456874.5 NaN
2456875.5 NaN
2456876.5 NaN
2456877.5 NaN
2456878.5 NaN
2456879.5 1361.733200
2456880.5 NaN
2456881.5 NaN
2456882.5 NaN
2456883.5 NaN
2456884.5 NaN
2456885.5 NaN
2456886.5 1361.420000
2456887.5 NaN
2456888.5 NaN
2456889.5 NaN
2456890.5 NaN
2456891.5 NaN
2456892.5 NaN
2456893.5 1361.684100
2456894.5 NaN
2456895.5 NaN
2456896.5 NaN
2456897.5 NaN
2456898.5 NaN
2456899.5 NaN
2456900.5 1361.891400
2456901.5 NaN
2456902.5 NaN
2456903.5 NaN
2456904.5 NaN
2456905.5 NaN
2456906.5 NaN
2456907.5 1361.858900
2456908.5 NaN
2456909.5 NaN
2456910.5 NaN
2456911.5 NaN
2456912.5 NaN
2456913.5 NaN
2456914.5 1362.034300
2456915.5 NaN
2456916.5 NaN
2456917.5 NaN
2456918.5 NaN
2456919.5 NaN
2456920.5 NaN
2456921.5 1362.119200
2456922.5 NaN
2456923.5 NaN
2456924.5 NaN
2456925.5 NaN
2456926.5 NaN
2456927.5 NaN
2456928.5 1361.346700
2456929.5 NaN
2456930.5 NaN
2456931.5 NaN
2456932.5 NaN
2456933.5 NaN
2456934.5 NaN
2456935.5 1362.169700
2456936.5 NaN
2456937.5 NaN
2456938.5 NaN
2456939.5 NaN
2456940.5 NaN
2456941.5 NaN
2456942.5 1362.109700
2456943.5 NaN
2456944.5 NaN
2456945.5 NaN
2456946.5 NaN
2456947.5 NaN
2456948.5 NaN
2456949.5 1361.825000
2456950.5 NaN
2456951.5 NaN
2456952.5 NaN
2456953.5 NaN
2456954.5 NaN
2456955.5 NaN
2456956.5 1359.825400
2456957.5 NaN
2456958.5 NaN
2456959.5 NaN
2456960.5 NaN
2456961.5 NaN
2456962.5 NaN
2456963.5 1362.118600
2456964.5 NaN
2456965.5 NaN
2456966.5 NaN
2456967.5 NaN
2456968.5 NaN
2456969.5 NaN
2456970.5 1362.040600
2456971.5 NaN
2456972.5 NaN
2456973.5 NaN
2456974.5 NaN
2456975.5 NaN
2456976.5 NaN
2456977.5 1362.539700
2456978.5 NaN
2456979.5 NaN
2456980.5 NaN
2456981.5 NaN
2456982.5 NaN
2456983.5 NaN
2456984.5 1361.843600
2456985.5 NaN
2456986.5 NaN
2456987.5 NaN
2456988.5 NaN
2456989.5 NaN
2456990.5 NaN
2456991.5 1361.520000
2456992.5 NaN
2456993.5 NaN
2456994.5 NaN
2456995.5 NaN
2456996.5 NaN
2456997.5 NaN
2456998.5 1362.124300
2456999.5 NaN
2457000.5 NaN
2457001.5 NaN
2457002.5 NaN
2457003.5 NaN
2457004.5 NaN
2457005.5 1362.329800
2457006.5 NaN
2457007.5 NaN
2457008.5 NaN
2457009.5 NaN
2457010.5 NaN
2457011.5 NaN
2457012.5 1361.463000
2457013.5 NaN
2457014.5 NaN
2457015.5 NaN
2457016.5 NaN
2457017.5 NaN
2457018.5 NaN
2457019.5 1362.052300
2457020.5 NaN
2457021.5 NaN
2457022.5 NaN
2457023.5 NaN
2457024.5 1361.658500
2457025.5 1361.451900
2457026.5 1361.337700
2457027.5 1361.427400
2457028.5 1361.657600
2457029.5 1362.152600
2457030.5 1362.450100
2457031.5 1362.546200
2457032.5 1362.433100
2457033.5 1362.456100
2457034.5 1362.321400
2457035.5 1362.313400
2457036.5 1362.601800
2457037.5 1362.764000
2457038.5 1362.796400
2457039.5 1362.788000
2457040.5 1362.724700
2457041.5 NaN
2457042.5 1362.065600
2457043.5 1362.103700
2457044.5 1362.120400
2457045.5 1362.153800
2457046.5 1362.121900
2457047.5 1362.024200
2457048.5 1361.915400
2457049.5 1361.511600
2457050.5 1361.467700
2457051.5 1361.611200
2457052.5 1361.796100
2457053.5 1362.076300
2457054.5 1362.278500
2457055.5 1362.407700
2457056.5 1362.432000
2457057.5 1362.520000
2457058.5 1362.573600
2457059.5 1362.674400
2457060.5 1362.739500
2457061.5 1362.689300
2457062.5 1362.577100
2457063.5 1362.522200
2457064.5 1362.698900
2457065.5 1362.607900
2457066.5 1362.508500
2457067.5 1362.370800
2457068.5 1362.285100
2457069.5 1362.179100
2457070.5 1362.051600
2457071.5 1362.108800
2457072.5 1362.194300
2457073.5 1362.234500
2457074.5 1362.211100
2457075.5 1362.154800
2457076.5 1362.096200
2457077.5 1362.121100
2457078.5 1362.289400
2457079.5 1362.337400
2457080.5 1362.477600
2457081.5 1362.400200
2457082.5 1362.427000
2457083.5 1362.453400
2457084.5 1362.416500
2457085.5 1362.553700
2457086.5 1362.727700
2457087.5 1362.730600
2457088.5 1362.684900
2457089.5 1362.635300
2457090.5 1362.574400
2457091.5 1362.321000
2457092.5 1362.239700
2457093.5 1361.871700
2457094.5 1361.629500
2457095.5 1361.732000
2457096.5 1361.744500
2457097.5 1361.715600
2457098.5 1361.804700
2457099.5 1361.957300
2457100.5 1362.014400
2457101.5 1361.981000
2457102.5 1361.949500
2457103.5 1361.971900
2457104.5 1362.012700
2457105.5 1362.021900
2457106.5 1362.119000
2457107.5 1362.054000
2457108.5 1362.089500
2457109.5 1362.124500
2457110.5 1362.161000
2457111.5 1362.104500
2457112.5 1362.199100
2457113.5 1362.449900
2457114.5 1362.512200
2457115.5 1362.630000
2457116.5 1362.566400
2457117.5 1362.582100
2457118.5 1362.381200
2457119.5 1362.179200
2457120.5 1362.109000
2457121.5 1361.980800
2457122.5 1362.014900
2457123.5 1362.047900
2457124.5 1362.008800
2457125.5 1362.044700
2457126.5 1361.928400
2457127.5 1361.890600
2457128.5 1361.676200
2457129.5 1361.534100
2457130.5 1361.575900
2457131.5 1361.689400
2457132.5 1361.779400
2457133.5 1361.991300
2457134.5 1362.296500
2457135.5 1362.411000
2457136.5 1362.498100
2457137.5 1362.323300
2457138.5 1362.277400
2457139.5 1362.307700
2457140.5 1362.250900
2457141.5 1362.371700
2457142.5 1362.317500
2457143.5 1362.290700
2457144.5 1362.239500
2457145.5 1362.154700
2457146.5 1361.975600
2457147.5 1361.632200
2457148.5 1361.704500
2457149.5 1361.630900
2457150.5 1361.610800
2457151.5 1361.554600
2457152.5 1361.535700
2457153.5 1361.463500
2457154.5 1361.473200
2457155.5 1361.662000
2457156.5 1361.714700
2457157.5 1361.906400
2457158.5 1362.128700
2457159.5 1362.272100
2457160.5 1362.298800
2457161.5 1362.238600
2457162.5 1362.382500
2457163.5 1362.349100
2457164.5 1362.274300
2457165.5 1362.130400
2457166.5 1362.015400
2457167.5 1361.951200
2457168.5 1361.939200
2457169.5 1362.056700
2457170.5 1362.085800
2457171.5 1362.083200
2457172.5 1361.995400
2457173.5 1361.915300
2457174.5 1361.866900
2457175.5 1361.777900
2457176.5 1362.104000
2457177.5 1362.180800
2457178.5 1362.268700
2457179.5 1362.251500
2457180.5 1362.227300
2457181.5 1362.154700
2457182.5 1362.015400
2457183.5 1362.206600
2457184.5 1362.305800
2457185.5 1362.468900
2457186.5 1362.471000
2457187.5 1362.477000
2457188.5 1362.384800
2457189.5 1362.199400
2457190.5 1362.069500
2457191.5 1361.775700
2457192.5 1361.534200
2457193.5 1361.179200
2457194.5 1360.980200
2457195.5 1360.903100
2457196.5 1360.968400
2457197.5 1361.064100
2457198.5 1361.333400
2457199.5 1361.519100
2457200.5 1361.699000
2457201.5 1361.856000
2457202.5 1361.920200
2457203.5 1361.935800
2457204.5 1362.203000
2457205.5 1362.156600
2457206.5 1362.105100
2457207.5 1362.119400
2457208.5 1362.156400
2457209.5 1362.101800
2457210.5 1361.874900
2457211.5 1361.954300
2457212.5 1361.985200
2457213.5 1362.091500
2457214.5 1362.059700
2457215.5 1362.102500
2457216.5 1362.158400
2457217.5 1362.188800
2457218.5 1362.290400
2457219.5 1362.215300
2457220.5 1362.154600
2457221.5 1362.161400
2457222.5 1362.118300
2457223.5 1361.957900
2457224.5 1361.823000
2457225.5 1361.877300
2457226.5 1361.916200
2457227.5 1361.870000
2457228.5 1361.913300
2457229.5 1361.906200
2457230.5 1361.831000
2457231.5 1361.884200
2457232.5 1362.131000
2457233.5 1362.245400
2457234.5 1362.294200
2457235.5 1362.289100
2457236.5 1362.267400
2457237.5 1362.273900
2457238.5 1362.192300
2457239.5 1362.212900
2457240.5 1362.002300
2457241.5 1361.709600
2457242.5 1361.378600
2457243.5 1361.317500
2457244.5 1361.383200
2457245.5 1361.501700
2457246.5 1361.876500
2457247.5 1362.020200
2457248.5 1361.999700
2457249.5 1361.861800
2457250.5 1361.843900
2457251.5 1361.833500
2457252.5 1361.747400
2457253.5 1361.802000
2457254.5 1361.762500
2457255.5 1361.695900
2457256.5 1361.526500
2457257.5 1361.293100
2457258.5 1361.015700
2457259.5 1360.786800
2457260.5 1360.991900
2457261.5 1361.313800
2457262.5 1361.708600
2457263.5 1362.001300
2457264.5 1362.153100
2457265.5 1362.196100
2457266.5 1362.128900
2457267.5 1362.118400
2457268.5 1362.051100
2457269.5 1361.960500
2457270.5 1361.939200
2457271.5 1361.918000
2457272.5 1361.897800
2457273.5 1361.860200
2457274.5 1361.916100
2457275.5 1361.771800
2457276.5 1361.715100
2457277.5 1361.575600
2457278.5 1361.398700
2457279.5 1361.472900
2457280.5 1361.555300
2457281.5 1361.600900
2457282.5 1361.470800
2457283.5 1361.432600
2457284.5 1361.407200
2457285.5 1361.542800
2457286.5 1361.819000
2457287.5 1361.836400
2457288.5 1362.008100
2457289.5 1361.953400
2457290.5 1361.836100
2457291.5 1361.492800
2457292.5 1361.180100
2457293.5 1361.193200
2457294.5 1361.100100
2457295.5 1361.247500
2457296.5 1361.449300
2457297.5 1361.653600
2457298.5 1361.729500
2457299.5 1361.707400
2457300.5 1361.728300
2457301.5 1361.698200
2457302.5 1361.723400
2457303.5 1361.657300
2457304.5 1361.605700
2457305.5 1361.658800
2457306.5 1361.716800
2457307.5 1361.809400
2457308.5 1361.696100
2457309.5 1361.784300
2457310.5 1361.912100
2457311.5 1361.959500
2457312.5 1361.971100
2457313.5 1362.033100
2457314.5 1362.207500
2457315.5 1362.167200
2457316.5 1362.138000
2457317.5 1362.041800
2457318.5 1362.017900
2457319.5 1362.094800
2457320.5 1362.130700
2457321.5 1362.154800
2457322.5 1362.033000
2457323.5 1362.115400
2457324.5 1362.056700
2457325.5 1361.952000
2457326.5 1361.706700
2457327.5 1361.453900
2457328.5 1361.151200
2457329.5 1360.889100
2457330.5 1361.016100
2457331.5 1361.380600
2457332.5 1361.466300
2457333.5 1361.656500
2457334.5 1361.815600
2457335.5 1361.852200
2457336.5 1361.882000
2457337.5 1361.860100
2457338.5 1361.872700
2457339.5 1361.960000
2457340.5 1362.126700
2457341.5 1362.354300
2457342.5 1362.429300
2457343.5 1362.407900
2457344.5 1362.366800
2457345.5 1362.243900
2457346.5 1362.187600
2457347.5 1362.287300
2457348.5 1362.228500
2457349.5 1362.172800
2457350.5 1362.234700
2457351.5 1362.138700
2457352.5 1362.004400
2457353.5 1361.912300
2457354.5 1361.866900
2457355.5 1361.860300
2457356.5 1361.847500
2457357.5 1361.772500
2457358.5 1361.840800
2457359.5 1361.893200
2457360.5 1361.959400
2457361.5 1361.949400
2457362.5 1361.915900
2457363.5 1361.916800
2457364.5 1361.793600
2457365.5 1361.841100
2457366.5 1361.850100
2457367.5 1362.033700
2457368.5 1362.138600
2457369.5 1362.262800
2457370.5 1362.286900
2457371.5 1362.143700
2457372.5 1362.039500
2457373.5 1361.750900
2457374.5 1361.655300
2457375.5 1361.658800
2457376.5 1361.647900
2457377.5 1361.712900
2457378.5 1361.770800
2457379.5 1361.944700
2457380.5 1361.914800
2457381.5 1361.829100
2457382.5 1361.575800
2457383.5 1361.486500
2457384.5 1361.516700
2457385.5 1361.410000
2457386.5 1361.670500
2457387.5 1361.929000
2457388.5 1362.016300
2457389.5 1362.073800
2457390.5 1361.974100
2457391.5 1361.820900
2457392.5 1361.706900
2457393.5 1361.820300
2457394.5 1361.856600
2457395.5 1361.923000
2457396.5 1361.898200
2457397.5 1361.909500
2457398.5 1361.931600
2457399.5 1361.832300
2457400.5 1361.834200
2457401.5 1361.823800
2457402.5 1361.862800
2457403.5 1361.879700
2457404.5 1361.983500
2457405.5 1362.028100
2457406.5 1362.042500
2457407.5 1362.149000
2457408.5 1362.126400
2457409.5 1361.937000
2457410.5 1361.793900
2457411.5 1361.752400
2457412.5 1361.752700
2457413.5 1361.730500
2457414.5 1361.853700
2457415.5 1361.720600
2457416.5 1361.696100
2457417.5 1361.729400
2457418.5 1361.693700
2457419.5 1361.662200
2457420.5 1361.678700
2457421.5 1361.849100
2457422.5 1361.982600
2457423.5 1362.015700
2457424.5 1361.997500
2457425.5 1362.043200
2457426.5 1361.925800
2457427.5 1361.866400
2457428.5 1361.953400
2457429.5 1361.906100
2457430.5 1361.940800
2457431.5 1361.927200
2457432.5 1361.994500
2457433.5 1362.014800
2457434.5 1362.016000
2457435.5 1362.073000
2457436.5 1361.985600
2457437.5 1361.823700
2457438.5 1361.747500
2457439.5 1361.702000
2457440.5 1361.790600
2457441.5 1361.885500
2457442.5 1362.030000
2457443.5 1361.993600
2457444.5 1361.916000
2457445.5 1361.820700
2457446.5 1361.717700
2457447.5 1361.639800
2457448.5 1361.642800
2457449.5 1361.850700
2457450.5 1362.031300
2457451.5 1362.065400
2457452.5 1362.044500
2457453.5 1361.950600
2457454.5 1361.921700
2457455.5 1361.851200
2457456.5 1361.903800
2457457.5 1361.902000
2457458.5 1361.947700
2457459.5 1361.999700
2457460.5 1361.940800
2457461.5 1361.869500
2457462.5 1361.815600
2457463.5 1361.711600
2457464.5 1361.721200
2457465.5 1361.777100
2457466.5 1361.798700
2457467.5 1361.721900
2457468.5 1361.705700
2457469.5 1361.600000
2457470.5 1361.675400
2457471.5 1361.648100
2457472.5 1361.606000
2457473.5 1361.626400
2457474.5 1361.630800
2457475.5 1361.618300
2457476.5 1361.475600
2457477.5 1361.479800
2457478.5 1361.554200
2457479.5 1361.535200
2457480.5 1361.588700
2457481.5 1361.598100
2457482.5 1361.633800
2457483.5 1361.594700
2457484.5 1361.678700
2457485.5 1361.715400
2457486.5 1361.683300
2457487.5 1361.651600
2457488.5 1361.516200
2457489.5 1361.266700
2457490.5 1361.048000
2457491.5 1360.844400
2457492.5 1360.852100
2457493.5 1360.872400
2457494.5 1360.977900
2457495.5 1361.225500
2457496.5 1361.507400
2457497.5 1361.707100
2457498.5 1361.798300
2457499.5 1361.701300
2457500.5 1361.591600
2457501.5 1361.605600
2457502.5 1361.592400
2457503.5 1361.564500
2457504.5 1361.569300
2457505.5 1361.630300
2457506.5 1361.528900
2457507.5 1361.541300
2457508.5 1361.615700
2457509.5 1361.545900
2457510.5 1361.542000
2457511.5 1361.597300
2457512.5 1361.746000
2457513.5 1361.782600
2457514.5 1361.768700
2457515.5 1361.746100
2457516.5 1361.676500
2457517.5 1361.683900
2457518.5 1361.562100
2457519.5 1361.506100
2457520.5 1361.459200
2457521.5 1361.521300
2457522.5 1361.729000
2457523.5 1361.743400
2457524.5 1361.721500
2457525.5 1361.420800
2457526.5 1361.254300
2457527.5 1361.178600
2457528.5 1361.074400
2457529.5 1361.024000
2457530.5 1361.063800
2457531.5 1361.216800
2457532.5 1361.293300
2457533.5 1361.450400
2457534.5 1361.550800
2457535.5 1361.618400
2457536.5 1361.631200
2457537.5 1361.638400
2457538.5 1361.645300
2457539.5 1361.620400
2457540.5 1361.684700
2457541.5 1361.792200
2457542.5 1361.830800
2457543.5 1361.837000
2457544.5 1361.773400
2457545.5 1361.733500
2457546.5 1361.682600
2457547.5 1361.728800
2457548.5 1361.745000
2457549.5 1361.665700
2457550.5 1361.644500
2457551.5 1361.718900
2457552.5 1361.634000
2457553.5 1361.439600
2457554.5 1361.474700
2457555.5 1361.413100
2457556.5 1361.430200
2457557.5 1361.477900
2457558.5 1361.505200
2457559.5 1361.530800
2457560.5 1361.557700
2457561.5 1361.628400
2457562.5 1361.642500
2457563.5 1361.576500
2457564.5 1361.534500
2457565.5 1361.565100
2457566.5 1361.567300
2457567.5 1361.465300
2457568.5 1361.576900
2457569.5 1361.577400
2457570.5 1361.614000
2457571.5 1361.634000
2457572.5 1361.567400
2457573.5 1361.580100
2457574.5 1361.528100
2457575.5 1361.646100
2457576.5 1361.645900
2457577.5 1361.718200
2457578.5 1361.731500
2457579.5 1361.864500
2457580.5 1361.879200
2457581.5 1361.735900
2457582.5 1361.797200
2457583.5 1361.695500
2457584.5 1361.636800
2457585.5 1361.444700
2457586.5 1361.179800
2457587.5 1361.092800
2457588.5 1360.993900
2457589.5 1361.007900
2457590.5 1360.978000
2457591.5 1361.148700
2457592.5 1361.319900
2457593.5 1361.517700
2457594.5 1361.516300
2457595.5 1361.441500
2457596.5 1361.549700
2457597.5 1361.510700
2457598.5 1361.509000
2457599.5 1361.545400
2457600.5 1361.538800
2457601.5 1361.556300
2457602.5 1361.490400
2457603.5 1361.546700
2457604.5 1361.598400
2457605.5 1361.600600
2457606.5 1361.569800
2457607.5 1361.536400
2457608.5 1361.507200
2457609.5 1361.522800
2457610.5 1361.651200
2457611.5 1361.676700
2457612.5 1361.673400
2457613.5 1361.451200
2457614.5 1361.364500
2457615.5 1361.391500
2457616.5 1361.386800
2457617.5 1361.528200
2457618.5 1361.574200
2457619.5 1361.614900
2457620.5 1361.539400
2457621.5 1361.462200
2457622.5 1361.389200
2457623.5 1361.343400
2457624.5 1361.396800
2457625.5 1361.495500
2457626.5 1361.557000
2457627.5 1361.535900
2457628.5 1361.432900
2457629.5 1361.381200
2457630.5 1361.459100
2457631.5 1361.613000
2457632.5 1361.652700
2457633.5 1361.584100
2457634.5 1361.359300
2457635.5 1361.248300
2457636.5 1361.165100
2457637.5 1361.195500
2457638.5 1361.306100
2457639.5 1361.326100
2457640.5 1361.331200
2457641.5 1361.393800
2457642.5 1361.444000
2457643.5 1361.554400
2457644.5 1361.578700
2457645.5 1361.554600
2457646.5 1361.560600
2457647.5 1361.562500
2457648.5 1361.551800
2457649.5 1361.520000
2457650.5 1361.478400
2457651.5 1361.448000
2457652.5 1361.556600
2457653.5 1361.490500
2457654.5 1361.539100
2457655.5 1361.580700
2457656.5 1361.597900
2457657.5 1361.556300
2457658.5 1361.478000
2457659.5 1361.539300
2457660.5 1361.603200
2457661.5 1361.654400
2457662.5 1361.515500
2457663.5 1361.494700
2457664.5 1361.528900
2457665.5 1361.517300
2457666.5 1361.567300
2457667.5 1361.440800
2457668.5 1361.360800
2457669.5 1361.293800
2457670.5 1361.255900
2457671.5 1361.206000
2457672.5 1361.230100
2457673.5 1361.362200
2457674.5 1361.469500
2457675.5 1361.459800
2457676.5 1361.440200
2457677.5 1361.411200
2457678.5 1361.393300
2457679.5 1361.377100
2457680.5 1361.460300
2457681.5 1361.453000
2457682.5 1361.481900
2457683.5 1361.460900
2457684.5 1361.449500
2457685.5 1361.446800
2457686.5 1361.388700
2457687.5 1361.407000
2457688.5 1361.462700
2457689.5 1361.441200
2457690.5 1361.465500
2457691.5 1361.460300
2457692.5 1361.497500
2457693.5 1361.518600
2457694.5 1361.611100
2457695.5 1361.597700
2457696.5 1361.582000
2457697.5 1361.609700
2457698.5 1361.548700
2457699.5 1361.545700
2457700.5 1361.483100
2457701.5 1361.516100
2457702.5 1361.429600
2457703.5 1361.435900
2457704.5 1361.399900
2457705.5 1361.377000
2457706.5 1361.375100
2457707.5 1361.355800
2457708.5 1361.365400
2457709.5 1361.348200
2457710.5 1361.387700
2457711.5 1361.431500
2457712.5 1361.429500
2457713.5 1361.393800
2457714.5 1361.358200
2457715.5 1361.364400
2457716.5 1361.363800
2457717.5 1361.349300
2457718.5 1361.327200
2457719.5 1361.338300
2457720.5 1361.306900
2457721.5 1361.222100
2457722.5 1361.286500
2457723.5 1361.304400
2457724.5 1361.330800
2457725.5 1361.365100
2457726.5 1361.354100
2457727.5 1361.251000
2457728.5 1361.218200
2457729.5 1361.324800
2457730.5 1361.394100
2457731.5 1361.402600
2457732.5 1361.336400
2457733.5 1361.303200
2457734.5 1361.309800
2457735.5 1361.272000
2457736.5 1361.332600
2457737.5 1361.343800
2457738.5 1361.290200
2457739.5 1361.290300
2457740.5 1361.296500
2457741.5 1361.279000
2457742.5 1361.289900
2457743.5 1361.324400
2457744.5 1361.351400
2457745.5 1361.341300
2457746.5 1361.383500
2457747.5 1361.370500
2457748.5 1361.393200
2457749.5 1361.366400
2457750.5 1361.437100
2457751.5 1361.413600
2457752.5 1361.444000
2457753.5 1361.444300
2457754.5 1361.434500
2457755.5 1361.429200
2457756.5 1361.402800
2457757.5 1361.385400
2457758.5 1361.386800
2457759.5 1361.309300
2457760.5 1361.305200
2457761.5 1361.271200
2457762.5 1361.274500
2457763.5 1361.284100
2457764.5 1361.323100
2457765.5 1361.276300
2457766.5 1361.259200
2457767.5 1361.271400
2457768.5 1361.318200
2457769.5 1361.283800
2457770.5 1361.258100
2457771.5 1361.299700
2457772.5 1361.303400
2457773.5 1361.316000
2457774.5 1361.370300
2457775.5 1361.312200
2457776.5 1361.235400
2457777.5 1361.255000
2457778.5 1361.290300
2457779.5 1361.254400
2457780.5 1361.253200
2457781.5 1361.353800
2457782.5 1361.401500
2457783.5 1361.392600
2457784.5 1361.365100
2457785.5 1361.339500
2457786.5 1361.309500
2457787.5 1361.316700
2457788.5 1361.362500
2457789.5 1361.320200
2457790.5 1361.303300
2457791.5 1361.256300
2457792.5 1361.255500
2457793.5 1361.247200
2457794.5 1361.215500
2457795.5 1361.197100
2457796.5 1361.234700
2457797.5 1361.264300
2457798.5 1361.361200
2457799.5 1361.407600
2457800.5 1361.425300
2457801.5 1361.343500
2457802.5 1361.405900
2457803.5 1361.372700
2457804.5 1361.416300
2457805.5 1361.449300
2457806.5 1361.496400
2457807.5 1361.454400
2457808.5 1361.398600
2457809.5 1361.427300
2457810.5 1361.393500
2457811.5 1361.381200
2457812.5 1361.381200
2457813.5 1361.319500
2457814.5 1361.340800
2457815.5 1361.335600
2457816.5 1361.341400
2457817.5 1361.316600
2457818.5 1361.285200
2457819.5 1361.278200
2457820.5 1361.250700
2457821.5 1361.244300
2457822.5 1361.252600
2457823.5 1361.241400
2457824.5 1361.247700
2457825.5 1361.262500
2457826.5 1361.255000
2457827.5 1361.261200
2457828.5 1361.268100
2457829.5 1361.274800
2457830.5 1361.272700
2457831.5 1361.286900
2457832.5 1361.326400
2457833.5 1361.302600
2457834.5 1361.327200
2457835.5 1361.333100
2457836.5 1361.334000
2457837.5 1361.373400
2457838.5 1361.370300
2457839.5 1361.320300
2457840.5 1361.239800
2457841.5 1361.051100
2457842.5 1361.010200
2457843.5 1360.823600
2457844.5 1360.651900
2457845.5 1360.603200
2457846.5 1360.568700
2457847.5 1360.776400
2457848.5 1361.028500
2457849.5 1361.192400
2457850.5 1361.252700
2457851.5 1361.238000
2457852.5 1361.224600
2457853.5 1361.241300
2457854.5 1361.320700
2457855.5 1361.321800
2457856.5 1361.344000
2457857.5 1361.260300
2457858.5 1361.335700
2457859.5 1361.319100
2457860.5 1361.315500
2457861.5 1361.324000
2457862.5 1361.409300
2457863.5 1361.485300
2457864.5 1361.455200
2457865.5 1361.479700
2457866.5 1361.470800
2457867.5 1361.506700
2457868.5 1361.445900
2457869.5 1361.418500
2457870.5 1361.409400
2457871.5 1361.398400
2457872.5 1361.453600
2457873.5 1361.469900
2457874.5 1361.423100
2457875.5 1361.341400
2457876.5 1361.285300
2457877.5 1361.207800
2457878.5 1361.122400
2457879.5 1361.180000
2457880.5 1361.237200
2457881.5 1361.244500
2457882.5 1361.249800
2457883.5 1361.259500
2457884.5 1361.239000
2457885.5 1361.206600
2457886.5 1361.226700
2457887.5 1361.286400
2457888.5 1361.266900
2457889.5 1361.278800
2457890.5 1361.322700
2457891.5 1361.408000
2457892.5 1361.425100
2457893.5 1361.460600
2457894.5 1361.489300
2457895.5 1361.496200
2457896.5 1361.448800
2457897.5 1361.432900
2457898.5 1361.392500
2457899.5 1361.368200
2457900.5 1361.423500
2457901.5 1361.367700
2457902.5 1361.329500
2457903.5 1361.298400
2457904.5 1361.240700
2457905.5 1361.185400
2457906.5 1361.243800
2457907.5 1361.290500
2457908.5 1361.310900
2457909.5 1361.328800
2457910.5 1361.323000
2457911.5 1361.279700
2457912.5 1361.321100
2457913.5 1361.275100
2457914.5 1361.345900
2457915.5 1361.359200
2457916.5 1361.404100
2457917.5 1361.424200
2457918.5 1361.405100
2457919.5 1361.404200
2457920.5 1361.305900
2457921.5 1361.328300
2457922.5 1361.313300
2457923.5 1361.324100
2457924.5 1361.390100
2457925.5 1361.406100
2457926.5 1361.434800
2457927.5 1361.380600
2457928.5 1361.379200
2457929.5 1361.304400
2457930.5 1361.211500
2457931.5 1361.190200
2457932.5 1361.158100
2457933.5 1361.215700
2457934.5 1361.227400
2457935.5 1361.290500
2457936.5 1361.315900
2457937.5 1361.327400
2457938.5 1361.251200
2457939.5 1361.270700
2457940.5 1361.291800
2457941.5 1361.261500
2457942.5 1361.184900
2457943.5 1361.015100
2457944.5 1360.766800
2457945.5 1360.638500
2457946.5 1360.684100
2457947.5 1360.786600
2457948.5 1360.847100
2457949.5 1361.032700
2457950.5 1361.250800
2457951.5 1361.365300
2457952.5 1361.401700
2457953.5 1361.377900
2457954.5 1361.338200
2457955.5 1361.304500
2457956.5 1361.310600
2457957.5 1361.277800
2457958.5 1361.220100
2457959.5 1361.190200
2457960.5 1361.242100
2457961.5 1361.251800
2457962.5 1361.258200
2457963.5 1361.260100
2457964.5 1361.276000
2457965.5 1361.226600
2457966.5 1361.224400
2457967.5 1361.241400
2457968.5 1361.283100
2457969.5 1361.285800
2457970.5 1361.293600
2457971.5 1361.161700
2457972.5 1361.200400
2457973.5 1361.219100
2457974.5 1361.263500
2457975.5 1361.237200
2457976.5 1361.263400
2457977.5 1361.343400
2457978.5 1361.365600
2457979.5 1361.296800
2457980.5 1361.254200
2457981.5 1361.284500
2457982.5 1361.227000
2457983.5 1361.057100
2457984.5 1360.914000
2457985.5 1360.787600
2457986.5 1360.740500
2457987.5 1360.853000
2457988.5 1360.927700
2457989.5 1360.997600
2457990.5 1361.055100
2457991.5 1361.129500
2457992.5 1361.128000
2457993.5 1361.138900
2457994.5 1361.216900
2457995.5 1361.313100
2457996.5 1361.306000
2457997.5 1361.099600
2457998.5 1360.864900
2457999.5 1360.633400
2458000.5 1360.353300
2458001.5 1359.851200
2458002.5 1359.896800
2458003.5 1360.009900
2458004.5 1360.447600
2458005.5 1361.032200
2458006.5 1361.381300
2458007.5 1361.399300
2458008.5 1361.369700
2458009.5 1361.334700
2458010.5 1361.282200
2458011.5 1361.188300
2458012.5 1361.171100
2458013.5 1361.176900
2458014.5 1361.224300
2458015.5 1361.230100
2458016.5 1361.251200
2458017.5 1361.286900
2458018.5 1361.290800
2458019.5 1361.316900
2458020.5 1361.259600
2458021.5 1361.309100
2458022.5 1361.307700
2458023.5 1361.349200
2458024.5 1361.257600
2458025.5 1361.028600
2458026.5 1361.029200
2458027.5 1361.058000
2458028.5 1361.088300
2458029.5 1361.091000
2458030.5 1361.203400
2458031.5 1361.304800
2458032.5 1361.383200
2458033.5 1361.410100
2458034.5 1361.348900
2458035.5 1361.313100
2458036.5 1361.250100
2458037.5 1361.269100
2458038.5 1361.241600
2458039.5 1361.215600
2458040.5 1361.282300
2458041.5 1361.288700
2458042.5 1361.269400
2458043.5 1361.285900
2458044.5 1361.288800
2458045.5 1361.321400
2458046.5 1361.265900
2458047.5 1361.288200
2458048.5 1361.288900
2458049.5 1361.365100
2458050.5 1361.454600
2458051.5 1361.499600
2458052.5 1361.469600
2458053.5 1361.463100
2458054.5 1361.475100
2458055.5 1361.414000
2458056.5 1361.458000
2458057.5 1361.462400
2458058.5 1361.474100
2458059.5 1361.448500
2458060.5 1361.355100
2458061.5 1361.328100
2458062.5 1361.248900
2458063.5 1361.222800
2458064.5 1361.208700
2458065.5 1361.211100
2458066.5 1361.187300
2458067.5 1361.184200
2458068.5 1361.205200
2458069.5 1361.237900
2458070.5 1361.236500
2458071.5 1361.208000
2458072.5 1361.251300
2458073.5 1361.282400
2458074.5 1361.231700
2458075.5 1361.254400
2458076.5 1361.296100
2458077.5 1361.366700
2458078.5 1361.423700
2458079.5 1361.385200
2458080.5 1361.402000
2458081.5 1361.420400
2458082.5 1361.421600
2458083.5 1361.364000
2458084.5 1361.296800
2458085.5 1361.265000
2458086.5 1361.292100
2458087.5 1361.293800
2458088.5 1361.251600
2458089.5 1361.228500
2458090.5 1361.186100
2458091.5 1361.184000
2458092.5 1361.177600
2458093.5 1361.186400
2458094.5 1361.202400
2458095.5 1361.181400
2458096.5 1361.227900
2458097.5 1361.252000
2458098.5 1361.263000
2458099.5 1361.283700
2458100.5 1361.294800
2458101.5 1361.284000
2458102.5 1361.265600
2458103.5 1361.267800
2458104.5 1361.303800
2458105.5 1361.302700
2458106.5 1361.309000
2458107.5 1361.339400
2458108.5 1361.334500
2458109.5 1361.251700
2458110.5 1361.232000
2458111.5 1361.218300
2458112.5 1361.216100
2458113.5 1361.223200
2458114.5 1361.245300
2458115.5 1361.261500
2458116.5 1361.256200
2458117.5 1361.236900
2458118.5 1361.169600
2458119.5 1361.199300
2458120.5 1361.162500
2458121.5 1361.195000
2458122.5 1361.232200
2458123.5 1361.178700
2458124.5 1361.208600
2458125.5 1361.195200
2458126.5 1361.174200
2458127.5 1361.164300
2458128.5 1361.192600
2458129.5 1361.209800
2458130.5 1361.215600
2458131.5 1361.243800
2458132.5 1361.221100
2458133.5 1361.233100
2458134.5 1361.229200
2458135.5 1361.255100
2458136.5 1361.245500
2458137.5 1361.236200
2458138.5 1361.239900
2458139.5 1361.207500
2458140.5 1361.237800
2458141.5 1361.216000
2458142.5 1361.220500
2458143.5 1361.206700
2458144.5 1361.147900
2458145.5 1361.155600
2458146.5 NaN
2458147.5 1361.130800
2458148.5 1361.148500
2458149.5 1361.199000
2458150.5 1361.213800
2458151.5 1361.201500
2458152.5 1361.253900
2458153.5 1361.207300
2458154.5 1361.187500
2458155.5 1361.203200
2458156.5 1361.179800
2458157.5 1361.173100
2458158.5 1361.061100
2458159.5 1361.024000
2458160.5 1360.986600
2458161.5 1360.955400
2458162.5 1361.032000
2458163.5 1361.148600
2458164.5 1361.245000
2458165.5 1361.251300
2458166.5 1361.258500
2458167.5 1361.168300
2458168.5 1361.147400
2458169.5 1361.119000
2458170.5 1361.125100
2458171.5 1361.121000
2458172.5 1361.092400
2458173.5 1361.136600
2458174.5 1361.148200
2458175.5 1361.164800
2458176.5 1361.144900
2458177.5 1361.219800
2458178.5 1361.178900
2458179.5 1361.076600
2458180.5 1361.156200
2458181.5 1361.129200
2458182.5 1361.145800
2458183.5 1361.179700
2458184.5 1361.183700
2458185.5 1361.213500
2458186.5 1361.164500
2458187.5 1361.174600
2458188.5 1361.214100
2458189.5 1361.192500
2458190.5 1361.198800
2458191.5 1361.203600
2458192.5 1361.228600
2458193.5 1361.155600
2458194.5 1361.127000
2458195.5 1361.123300
2458196.5 1361.159400
2458197.5 1361.149800
2458198.5 1361.155100
2458199.5 1361.156900
2458200.5 1361.132700
2458201.5 1361.188200
2458202.5 1361.129600
2458203.5 1361.156400
2458204.5 1361.141500
2458205.5 1361.134200
2458206.5 1361.108900
2458207.5 1361.055200
2458208.5 1361.124300
2458209.5 1361.185100
2458210.5 1361.188400
2458211.5 1361.205100
2458212.5 1361.163100
2458213.5 1361.173200
2458214.5 1361.135900
2458215.5 1361.187700
2458216.5 1361.220500
2458217.5 1361.212600
2458218.5 1361.217500
2458219.5 1361.181500
2458220.5 1361.152400
2458221.5 1361.135100
2458222.5 1361.170600
2458223.5 1361.159000
2458224.5 1361.164500
2458225.5 1361.168100
2458226.5 1361.142200
2458227.5 1361.166500
2458228.5 1361.153000
2458229.5 1361.195400
2458230.5 1361.205000
2458231.5 1361.168700
2458232.5 1361.143100
2458233.5 1361.143000
2458234.5 1361.141600
2458235.5 1361.119500
2458236.5 1361.182700
2458237.5 1361.210500
2458238.5 1361.223400
2458239.5 1361.186900
2458240.5 1361.085600
2458241.5 1361.096600
2458242.5 1361.067300
2458243.5 1361.113200
2458244.5 1361.180400
2458245.5 1361.183700
2458246.5 1361.168700
2458247.5 1361.211800
2458248.5 1361.241500
2458249.5 1361.209300
2458250.5 1361.241600
2458251.5 1361.209300
2458252.5 1361.214900
2458253.5 1361.234500
2458254.5 1361.220300
2458255.5 1361.210100
2458256.5 1361.215300
2458257.5 1361.232400
2458258.5 1361.215100
2458259.5 1361.177300
2458260.5 1361.194000
2458261.5 1361.192100
2458262.5 1361.215700
2458263.5 1361.194500
2458264.5 1361.309400
2458265.5 1361.344100
2458266.5 1361.269400
2458267.5 1361.196000
2458268.5 1361.189000
2458269.5 1361.231800
2458270.5 1361.185500
2458271.5 1361.258900
2458272.5 1361.328200
2458273.5 1361.381300
2458274.5 1361.349200
2458275.5 1361.269100
2458276.5 1361.207200
2458277.5 1361.212800
2458278.5 1361.207300
2458279.5 1361.194700
2458280.5 1361.210800
2458281.5 1361.229900
2458282.5 1361.272500
2458283.5 1361.293000
2458284.5 1361.259400
2458285.5 1361.247200
2458286.5 1361.199900
2458287.5 1361.229700
2458288.5 1361.139500
2458289.5 1361.178600
2458290.5 1361.146600
2458291.5 1361.131500
2458292.5 1361.203400
2458293.5 1361.187300
2458294.5 1361.201200
2458295.5 1361.270700
2458296.5 1361.273100
2458297.5 1361.302300
2458298.5 1361.281600
2458299.5 1361.259100
2458300.5 1361.252800
2458301.5 1361.217100
2458302.5 1361.172100
2458303.5 1361.128200
2458304.5 1361.157100
2458305.5 1361.121400
2458306.5 1361.150100
2458307.5 1361.166200
2458308.5 1361.202000
2458309.5 1361.298900
2458310.5 1361.344000
2458311.5 1361.348000
2458312.5 1361.277200
2458313.5 1361.257700
2458314.5 1361.258400
2458315.5 1361.244400
2458316.5 1361.297400
2458317.5 1361.353600
2458318.5 1361.378800
2458319.5 1361.372600
2458320.5 1361.322100
2458321.5 1361.274200
2458322.5 1361.231600
2458323.5 1361.213900
2458324.5 1361.217300
2458325.5 1361.184900
2458326.5 1361.183100
2458327.5 1361.202000
2458328.5 1361.163200
2458329.5 1361.194400
2458330.5 1361.207100
2458331.5 1361.208700
2458332.5 1361.206800
2458333.5 1361.167100
2458334.5 1361.180600
2458335.5 1361.198800
2458336.5 1361.229700
2458337.5 1361.271100
2458338.5 1361.274400
2458339.5 1361.285600
2458340.5 1361.226600
2458341.5 1361.221400
2458342.5 1361.158200
2458343.5 1361.222000
2458344.5 1361.261400
2458345.5 1361.265700
2458346.5 1361.249200
2458347.5 1361.197800
2458348.5 1361.194400
2458349.5 1361.195500
2458350.5 1361.157700
2458351.5 1361.166200
2458352.5 1361.178900
2458353.5 1361.179900
2458354.5 1361.172700
2458355.5 1361.156400
2458356.5 1361.091100
2458357.5 1361.198300
2458358.5 1361.216800
2458359.5 1361.168300
2458360.5 1361.169200
2458361.5 1361.117300
2458362.5 1361.168400
2458363.5 1361.213700
2458364.5 1361.228300
2458365.5 1361.260700
2458366.5 1361.230000
2458367.5 1361.203900
2458368.5 1361.171300
2458369.5 1361.163400
2458370.5 1361.195400
2458371.5 1361.194500
2458372.5 1361.222600
2458373.5 1361.227000
2458374.5 1361.226300
2458375.5 1361.192900
2458376.5 1361.245800
2458377.5 1361.237500
2458378.5 1361.253200
2458379.5 1361.242400
2458380.5 1361.239500
2458381.5 1361.181600
2458382.5 1361.152100
2458383.5 1361.177300
2458384.5 1361.179900
2458385.5 1361.150900
2458386.5 1361.118700
2458387.5 1361.123900
2458388.5 1361.163900
2458389.5 1361.123500
2458390.5 1361.155900
2458391.5 1361.182000
2458392.5 1361.173700
2458393.5 1361.160200
2458394.5 1361.183500
2458395.5 1361.176200
2458396.5 1361.179000
2458397.5 1361.187100
2458398.5 NaN
2458399.5 NaN
2458400.5 NaN
2458401.5 NaN
2458402.5 NaN
2458403.5 NaN
2458404.5 NaN
2458405.5 NaN
2458406.5 NaN
2458407.5 NaN
2458408.5 NaN
2458409.5 NaN
2458410.5 NaN
2458411.5 NaN
2458412.5 NaN
2458413.5 NaN
2458414.5 NaN
2458415.5 NaN
2458416.5 NaN
2458417.5 NaN
2458418.5 NaN
2458419.5 NaN
2458420.5 NaN
2458421.5 NaN
2458422.5 NaN
2458423.5 NaN
2458424.5 NaN
2458425.5 NaN
2458426.5 NaN
2458427.5 NaN
2458428.5 NaN
2458429.5 NaN
2458430.5 NaN
2458431.5 NaN
2458432.5 NaN
2458433.5 NaN
2458434.5 NaN
2458435.5 NaN
2458436.5 NaN
2458437.5 NaN
2458438.5 NaN
2458439.5 NaN
2458440.5 NaN
2458441.5 NaN
2458442.5 NaN
2458443.5 NaN
2458444.5 NaN
2458445.5 NaN
2458446.5 NaN
2458447.5 NaN
2458448.5 NaN
2458449.5 NaN
2458450.5 NaN
2458451.5 NaN
2458452.5 NaN
2458453.5 NaN
2458454.5 NaN
2458455.5 NaN
2458456.5 NaN
2458457.5 NaN
2458458.5 NaN
2458459.5 NaN
2458460.5 NaN
2458461.5 NaN
2458462.5 NaN
2458463.5 NaN
2458464.5 NaN
2458465.5 NaN
2458466.5 NaN
2458467.5 NaN
2458468.5 NaN
2458469.5 NaN
2458470.5 NaN
2458471.5 NaN
2458472.5 NaN
2458473.5 NaN
2458474.5 NaN
2458475.5 NaN
2458476.5 NaN
2458477.5 NaN
2458478.5 NaN
2458479.5 NaN
2458480.5 NaN
2458481.5 NaN
2458482.5 NaN
2458483.5 NaN
2458484.5 NaN
2458485.5 NaN
2458486.5 NaN
2458487.5 NaN
2458488.5 NaN
2458489.5 NaN
2458490.5 NaN
2458491.5 NaN
2458492.5 NaN
2458493.5 NaN
2458494.5 NaN
2458495.5 NaN
2458496.5 NaN
2458497.5 NaN
2458498.5 NaN
2458499.5 NaN
2458500.5 NaN
2458501.5 NaN
2458502.5 NaN
2458503.5 NaN
2458504.5 NaN
2458505.5 NaN
2458506.5 NaN
2458507.5 NaN
2458508.5 NaN
2458509.5 NaN
2458510.5 NaN
2458511.5 NaN
2458512.5 NaN
2458513.5 NaN
2458514.5 NaN
2458515.5 NaN
2458516.5 NaN
2458517.5 1361.183300
2458518.5 1361.141600
2458519.5 1361.159000
2458520.5 1361.152600
2458521.5 1361.159400
2458522.5 1361.145400
2458523.5 1361.135900
2458524.5 1361.143000
2458525.5 1361.138700
2458526.5 1361.146500
2458527.5 1361.170700
2458528.5 1361.161700
2458529.5 1361.208800
2458530.5 1361.194100
2458531.5 1361.207100
2458532.5 1361.217100
2458533.5 1361.209400
2458534.5 1361.212700
2458535.5 1361.191500
2458536.5 1361.212700
2458537.5 1361.193400
2458538.5 1361.207500
2458539.5 1361.211800
2458540.5 1361.200900
2458541.5 1361.190500
2458542.5 1361.147300
2458543.5 1361.136600
2458544.5 1361.071700
2458545.5 1361.108800
2458546.5 1361.149900
2458547.5 1361.148100
2458548.5 1361.139600
2458549.5 1361.113600
2458550.5 1361.137300
2458551.5 1361.118500
2458552.5 1361.182800
2458553.5 1361.144700
2458554.5 1361.159600
2458555.5 1361.167600
2458556.5 1361.168900
2458557.5 1361.208600
2458558.5 1361.172200
2458559.5 1361.235600
2458560.5 NaN
2458561.5 NaN
2458562.5 NaN
2458563.5 1361.124200
2458564.5 1361.129600
2458565.5 1361.079300
2458566.5 1361.200500
2458567.5 1361.173800
2458568.5 1361.153900
2458569.5 1361.128100
2458570.5 1361.117600
2458571.5 1361.126100
2458572.5 1361.049800
2458573.5 1361.147900
2458574.5 1361.156000
2458575.5 1361.102500
2458576.5 1361.135900
2458577.5 1361.119500
2458578.5 1361.134600
2458579.5 1361.133300
2458580.5 1361.153400
2458581.5 1361.144400
2458582.5 1361.161700
2458583.5 1361.144900
2458584.5 1361.076200
2458585.5 1360.924700
2458586.5 1360.861400
2458587.5 1360.759900
2458588.5 1360.791800
2458589.5 1360.831400
2458590.5 1360.944500
2458591.5 1361.068300
2458592.5 1361.153200
2458593.5 1361.184300
2458594.5 1361.164300
2458595.5 1361.114300
2458596.5 1361.143700
2458597.5 1361.136100
2458598.5 1361.143100
2458599.5 1361.149100
2458600.5 1361.091600
2458601.5 1361.135400
2458602.5 1361.083300
2458603.5 1361.070100
2458604.5 1361.067200
2458605.5 1361.086500
2458606.5 1361.057600
2458607.5 1361.093500
2458608.5 1361.129000
2458609.5 1361.129800
2458610.5 1361.089300
2458611.5 1361.087600
2458612.5 1361.069700
2458613.5 1360.999800
2458614.5 1360.992000
2458615.5 1360.942000
2458616.5 1361.000500
2458617.5 1361.064100
2458618.5 1361.144300
2458619.5 1361.176800
2458620.5 NaN
2458621.5 NaN
2458622.5 NaN
2458623.5 NaN
2458624.5 NaN
2458625.5 NaN
2458626.5 NaN
2458627.5 NaN
2458628.5 NaN
2458629.5 NaN
2458630.5 NaN
2458631.5 NaN
2458632.5 NaN
2458633.5 NaN
2458634.5 NaN
2458635.5 NaN
2458636.5 NaN
2458637.5 NaN
2458638.5 NaN
2458639.5 NaN
2458640.5 NaN
2458641.5 NaN
2458642.5 NaN
2458643.5 NaN
2458644.5 NaN
2458645.5 NaN
2458646.5 NaN
2458647.5 NaN
2458648.5 NaN
2458649.5 NaN
2458650.5 NaN
2458651.5 NaN
2458652.5 NaN
2458653.5 NaN
2458654.5 NaN
2458655.5 NaN
2458656.5 NaN
2458657.5 NaN
2458658.5 NaN
2458659.5 NaN
2458660.5 NaN
2458661.5 NaN
2458662.5 NaN
2458663.5 NaN
2458664.5 NaN
2458665.5 NaN
2458666.5 NaN
2458667.5 NaN
