ACRIM2/UARS PMOD CORRECTED
Version: ftp.pmodwrc.ch/pub/data/irradiance/acrim/AdditionalFiles accessed 22/07/07
Created: 04-Nov-2022
JD        Value 
2448826.0 1364.724000
2448827.0 1364.565000
2448828.0 1364.435000
2448829.0 1364.383000
2448830.0 1364.420000
2448831.0 1364.395000
2448832.0 1364.246000
2448833.0 1364.257000
2448834.0 1364.233000
2448835.0 1364.242000
2448836.0 1364.378000
2448837.0 1364.416000
2448838.0 1364.493000
2448839.0 1364.620000
2448840.0 1364.784000
2448841.0 1364.698000
2448842.0 1364.530000
2448843.0 1364.655000
2448844.0 1364.844000
2448845.0 1365.030000
2448846.0 1365.042000
2448847.0 1364.978000
2448848.0 1364.844000
2448849.0 1364.472000
2448850.0 1364.264000
2448851.0 1363.997000
2448852.0 1363.753000
2448853.0 1363.578000
2448854.0 1363.359000
2448855.0 1363.379000
2448856.0 1363.844000
2448857.0 1364.283000
2448858.0 1364.571000
2448859.0 1364.678000
2448860.0 1364.655000
2448861.0 1364.591000
2448862.0 1364.549000
2448863.0 1364.532000
2448864.0 1364.686000
2448865.0 1364.704000
2448866.0 1364.725000
2448867.0 1364.699000
2448868.0 1364.588000
2448869.0 1364.603000
2448870.0 1364.581000
2448871.0 1364.436000
2448872.0 1364.268000
2448873.0 1364.469000
2448874.0 1364.826000
2448875.0 1364.869000
2448876.0 1364.776000
2448877.0 1364.728000
2448878.0 1364.673000
2448879.0 NaN
2448880.0 1364.655000
2448881.0 1364.664000
2448882.0 1364.498000
2448883.0 1364.616000
2448884.0 NaN
2448885.0 1364.852000
2448886.0 1364.804000
2448887.0 1364.399000
2448888.0 1364.352000
2448889.0 1364.323000
2448890.0 1364.440000
2448891.0 1364.423000
2448892.0 1364.525000
2448893.0 1364.323000
2448894.0 1364.109000
2448895.0 1364.138000
2448896.0 1364.188000
2448897.0 1364.298000
2448898.0 1364.449000
2448899.0 1364.477000
2448900.0 1364.551000
2448901.0 1364.421000
2448902.0 1364.291000
2448903.0 1364.352000
2448904.0 1364.423000
2448905.0 1364.583000
2448906.0 NaN
2448907.0 NaN
2448908.0 NaN
2448909.0 1364.611000
2448910.0 NaN
2448911.0 1364.557000
2448912.0 1364.509000
2448913.0 1364.446000
2448914.0 1364.385000
2448915.0 1364.042000
2448916.0 1363.666000
2448917.0 1363.419000
2448918.0 1363.383000
2448919.0 1363.596000
2448920.0 1363.710000
2448921.0 1363.554000
2448922.0 1363.474000
2448923.0 1363.494000
2448924.0 1363.536000
2448925.0 1363.713000
2448926.0 1363.958000
2448927.0 1364.201000
2448928.0 1364.418000
2448929.0 1364.497000
2448930.0 1364.503000
2448931.0 1364.359000
2448932.0 1364.292000
2448933.0 1364.249000
2448934.0 1364.113000
2448935.0 1364.017000
2448936.0 1363.874000
2448937.0 1363.931000
2448938.0 1364.210000
2448939.0 1364.437000
2448940.0 1364.517000
2448941.0 1364.588000
2448942.0 1364.748000
2448943.0 1364.895000
2448944.0 1364.945000
2448945.0 1364.814000
2448946.0 1364.706000
2448947.0 1364.642000
2448948.0 1364.491000
2448949.0 1364.411000
2448950.0 1364.365000
2448951.0 1364.481000
2448952.0 1364.611000
2448953.0 1364.634000
2448954.0 1364.535000
2448955.0 1364.344000
2448956.0 1364.277000
2448957.0 1364.118000
2448958.0 1364.216000
2448959.0 1364.422000
2448960.0 1364.601000
2448961.0 1364.617000
2448962.0 1364.452000
2448963.0 1364.436000
2448964.0 1364.436000
2448965.0 1364.625000
2448966.0 1364.567000
2448967.0 1364.218000
2448968.0 1363.936000
2448969.0 1363.742000
2448970.0 1363.864000
2448971.0 1364.213000
2448972.0 1364.591000
2448973.0 1364.963000
2448974.0 1364.961000
2448975.0 1364.883000
2448976.0 1364.845000
2448977.0 1364.837000
2448978.0 1364.817000
2448979.0 1364.767000
2448980.0 1364.747000
2448981.0 1364.731000
2448982.0 1364.571000
2448983.0 1364.393000
2448984.0 1364.273000
2448985.0 1364.216000
2448986.0 1364.407000
2448987.0 1364.395000
2448988.0 1364.436000
2448989.0 1364.428000
2448990.0 1364.460000
2448991.0 1364.346000
2448992.0 1364.268000
2448993.0 1364.273000
2448994.0 1364.297000
2448995.0 1364.348000
2448996.0 1364.533000
2448997.0 NaN
2448998.0 1364.864000
2448999.0 1364.904000
2449000.0 1364.843000
2449001.0 1364.733000
2449002.0 1364.627000
2449003.0 1364.722000
2449004.0 1364.667000
2449005.0 1364.571000
2449006.0 1364.581000
2449007.0 1364.577000
2449008.0 1364.650000
2449009.0 1364.623000
2449010.0 1364.574000
2449011.0 1364.674000
2449012.0 1364.691000
2449013.0 1364.695000
2449014.0 1364.692000
2449015.0 1364.667000
2449016.0 1364.756000
2449017.0 1364.823000
2449018.0 1364.759000
2449019.0 1364.701000
2449020.0 1364.652000
2449021.0 1364.560000
2449022.0 1364.541000
2449023.0 1364.169000
2449024.0 1363.801000
2449025.0 1363.646000
2449026.0 1363.368000
2449027.0 1363.085000
2449028.0 1363.169000
2449029.0 1363.149000
2449030.0 1363.454000
2449031.0 1363.801000
2449032.0 1364.205000
2449033.0 1364.392000
2449034.0 1364.623000
2449035.0 1364.645000
2449036.0 1364.436000
2449037.0 1364.407000
2449038.0 1364.463000
2449039.0 1364.353000
2449040.0 1364.230000
2449041.0 1364.007000
2449042.0 1363.881000
2449043.0 1363.978000
2449044.0 1364.249000
2449045.0 1364.305000
2449046.0 1364.272000
2449047.0 1364.336000
2449048.0 1364.167000
2449049.0 1364.171000
2449050.0 1364.282000
2449051.0 1364.170000
2449052.0 1364.172000
2449053.0 1364.151000
2449054.0 1363.841000
2449055.0 1363.536000
2449056.0 1363.616000
2449057.0 1363.830000
2449058.0 1364.252000
2449059.0 1364.564000
2449060.0 1364.697000
2449061.0 1364.758000
2449062.0 1364.697000
2449063.0 1364.688000
2449064.0 1364.691000
2449065.0 1364.675000
2449066.0 NaN
2449067.0 1364.609000
2449068.0 1364.659000
2449069.0 1364.543000
2449070.0 1364.486000
2449071.0 1364.577000
2449072.0 1364.716000
2449073.0 1364.836000
2449074.0 1364.789000
2449075.0 1364.619000
2449076.0 1364.608000
2449077.0 1364.627000
2449078.0 1364.609000
2449079.0 1364.434000
2449080.0 1364.402000
2449081.0 1364.388000
2449082.0 1364.320000
2449083.0 1364.289000
2449084.0 1364.052000
2449085.0 1364.044000
2449086.0 1364.146000
2449087.0 1364.217000
2449088.0 1364.419000
2449089.0 1364.535000
2449090.0 1364.587000
2449091.0 1364.616000
2449092.0 1364.601000
2449093.0 1364.634000
2449094.0 1364.568000
2449095.0 1364.880000
2449096.0 1364.780000
2449097.0 1364.845000
2449098.0 1364.643000
2449099.0 1364.357000
2449100.0 1364.494000
2449101.0 1364.610000
2449102.0 1364.659000
2449103.0 1364.877000
2449104.0 1365.050000
2449105.0 1365.057000
2449106.0 1365.058000
2449107.0 1365.052000
2449108.0 1364.910000
2449109.0 1364.862000
2449110.0 1364.830000
2449111.0 1364.761000
2449112.0 1364.828000
2449113.0 1364.784000
2449114.0 1364.604000
2449115.0 1364.161000
2449116.0 1363.780000
2449117.0 1363.503000
2449118.0 1363.366000
2449119.0 1363.610000
2449120.0 1364.004000
2449121.0 1364.179000
2449122.0 1364.476000
2449123.0 1364.453000
2449124.0 1364.445000
2449125.0 1364.411000
2449126.0 1364.436000
2449127.0 1364.529000
2449128.0 1364.628000
2449129.0 1364.687000
2449130.0 1364.648000
2449131.0 1364.666000
2449132.0 1364.736000
2449133.0 1364.769000
2449134.0 1364.760000
2449135.0 1364.704000
2449136.0 1364.504000
2449137.0 1364.418000
2449138.0 1364.228000
2449139.0 1364.161000
2449140.0 1364.321000
2449141.0 1364.318000
2449142.0 1364.314000
2449143.0 1364.477000
2449144.0 1364.493000
2449145.0 1364.267000
2449146.0 1364.323000
2449147.0 1364.362000
2449148.0 1364.441000
2449149.0 1364.393000
2449150.0 1364.454000
2449151.0 1364.379000
2449152.0 1364.283000
2449153.0 1364.233000
2449154.0 1364.235000
2449155.0 1364.253000
2449156.0 1364.246000
2449157.0 1364.321000
2449158.0 1364.427000
2449159.0 1364.401000
2449160.0 1364.459000
2449161.0 1364.535000
2449162.0 1364.539000
2449163.0 1364.453000
2449164.0 1364.494000
2449165.0 1364.590000
2449166.0 1364.606000
2449167.0 1364.460000
2449168.0 1364.388000
2449169.0 1364.268000
2449170.0 1364.337000
2449171.0 1364.449000
2449172.0 1364.412000
2449173.0 1364.588000
2449174.0 1364.689000
2449175.0 1364.734000
2449176.0 1364.641000
2449177.0 1364.509000
2449178.0 1364.122000
2449179.0 1364.078000
2449180.0 1364.103000
2449181.0 1364.181000
2449182.0 1364.123000
2449183.0 1364.120000
2449184.0 1364.084000
2449185.0 1364.250000
2449186.0 1364.396000
2449187.0 1364.434000
2449188.0 1364.476000
2449189.0 1364.430000
2449190.0 1364.277000
2449191.0 1364.423000
2449192.0 1364.540000
2449193.0 1364.705000
2449194.0 1364.672000
2449195.0 1364.706000
2449196.0 1364.617000
2449197.0 1364.564000
2449198.0 1364.509000
2449199.0 1364.465000
2449200.0 1364.476000
2449201.0 1364.465000
2449202.0 1364.475000
2449203.0 1364.457000
2449204.0 1364.379000
2449205.0 NaN
2449206.0 NaN
2449207.0 NaN
2449208.0 NaN
2449209.0 NaN
2449210.0 NaN
2449211.0 1364.554000
2449212.0 1364.577000
2449213.0 1364.553000
2449214.0 1364.509000
2449215.0 1364.447000
2449216.0 1364.408000
2449217.0 1364.425000
2449218.0 1364.433000
2449219.0 1364.453000
2449220.0 1364.446000
2449221.0 1364.443000
2449222.0 1364.369000
2449223.0 1364.331000
2449224.0 1364.330000
2449225.0 1364.387000
2449226.0 1364.389000
2449227.0 1364.362000
2449228.0 1364.363000
2449229.0 1364.381000
2449230.0 1364.423000
2449231.0 1364.404000
2449232.0 1364.335000
2449233.0 1364.298000
2449234.0 1364.271000
2449235.0 1364.289000
2449236.0 1364.320000
2449237.0 1364.341000
2449238.0 1364.417000
2449239.0 1364.480000
2449240.0 1364.522000
2449241.0 1364.511000
2449242.0 1364.472000
2449243.0 1364.449000
2449244.0 1364.429000
2449245.0 1364.491000
2449246.0 1364.585000
2449247.0 1364.689000
2449248.0 NaN
2449249.0 NaN
2449250.0 NaN
2449251.0 NaN
2449252.0 NaN
2449253.0 NaN
2449254.0 1364.347000
2449255.0 1364.145000
2449256.0 1364.039000
2449257.0 1363.966000
2449258.0 1363.951000
2449259.0 1363.848000
2449260.0 1363.742000
2449261.0 1363.449000
2449262.0 1363.158000
2449263.0 1362.902000
2449264.0 1362.876000
2449265.0 1363.062000
2449266.0 1363.166000
2449267.0 1363.372000
2449268.0 1363.616000
2449269.0 1363.924000
2449270.0 1364.013000
2449271.0 1364.084000
2449272.0 1364.149000
2449273.0 1364.134000
2449274.0 1364.117000
2449275.0 1364.171000
2449276.0 1364.202000
2449277.0 1364.275000
2449278.0 1364.365000
2449279.0 1364.425000
2449280.0 1364.439000
2449281.0 1364.347000
2449282.0 1364.213000
2449283.0 1364.250000
2449284.0 1364.233000
2449285.0 1364.313000
2449286.0 1364.483000
2449287.0 1364.417000
2449288.0 1364.294000
2449289.0 1364.255000
2449290.0 1364.213000
2449291.0 1364.157000
2449292.0 1364.112000
2449293.0 1363.996000
2449294.0 1363.856000
2449295.0 1363.714000
2449296.0 1363.644000
2449297.0 1363.708000
2449298.0 1363.813000
2449299.0 1363.965000
2449300.0 1364.122000
2449301.0 1364.233000
2449302.0 1364.327000
2449303.0 1364.381000
2449304.0 1364.390000
2449305.0 1364.446000
2449306.0 1364.361000
2449307.0 1364.201000
2449308.0 1363.967000
2449309.0 1363.813000
2449310.0 1363.630000
2449311.0 1363.624000
2449312.0 1363.844000
2449313.0 1364.098000
2449314.0 1364.289000
2449315.0 1364.368000
2449316.0 1364.249000
2449317.0 1364.105000
2449318.0 1364.152000
2449319.0 1364.343000
2449320.0 1364.402000
2449321.0 1364.387000
2449322.0 1364.342000
2449323.0 1364.199000
2449324.0 1364.306000
2449325.0 1364.383000
2449326.0 1364.420000
2449327.0 1364.357000
2449328.0 1364.193000
2449329.0 1364.092000
2449330.0 1364.106000
2449331.0 NaN
2449332.0 1364.390000
2449333.0 1364.422000
2449334.0 1364.316000
2449335.0 1364.191000
2449336.0 1364.043000
2449337.0 1363.995000
2449338.0 1363.946000
2449339.0 1363.932000
2449340.0 1363.953000
2449341.0 1364.018000
2449342.0 1364.010000
2449343.0 1364.025000
2449344.0 1364.000000
2449345.0 1363.956000
2449346.0 1363.788000
2449347.0 1363.579000
2449348.0 1363.478000
2449349.0 1363.663000
2449350.0 1363.912000
2449351.0 1364.122000
2449352.0 1364.267000
2449353.0 1364.202000
2449354.0 1363.778000
2449355.0 1363.405000
2449356.0 1363.355000
2449357.0 1363.443000
2449358.0 1363.401000
2449359.0 1363.615000
2449360.0 1363.890000
2449361.0 1364.151000
2449362.0 1363.995000
2449363.0 1363.858000
2449364.0 1363.817000
2449365.0 1363.942000
2449366.0 1364.057000
2449367.0 1364.129000
2449368.0 1364.145000
2449369.0 1364.075000
2449370.0 1364.039000
2449371.0 1363.956000
2449372.0 1363.866000
2449373.0 1363.814000
2449374.0 1363.740000
2449375.0 1363.764000
2449376.0 1363.937000
2449377.0 1364.017000
2449378.0 1364.261000
2449379.0 1364.540000
2449380.0 1364.802000
2449381.0 1364.803000
2449382.0 1364.717000
2449383.0 1364.653000
2449384.0 1364.623000
2449385.0 1364.662000
2449386.0 1364.664000
2449387.0 1364.657000
2449388.0 1364.555000
2449389.0 1364.373000
2449390.0 1364.209000
2449391.0 1364.090000
2449392.0 1364.151000
2449393.0 1364.061000
2449394.0 1363.945000
2449395.0 1363.897000
2449396.0 1364.047000
2449397.0 1364.245000
2449398.0 1364.333000
2449399.0 1364.346000
2449400.0 1364.231000
2449401.0 1364.126000
2449402.0 1364.011000
2449403.0 1363.978000
2449404.0 1364.155000
2449405.0 1364.381000
2449406.0 1364.513000
2449407.0 1364.574000
2449408.0 1364.545000
2449409.0 1364.472000
2449410.0 1364.416000
2449411.0 1364.367000
2449412.0 1364.281000
2449413.0 1364.432000
2449414.0 1364.357000
2449415.0 1364.413000
2449416.0 1364.373000
2449417.0 1364.315000
2449418.0 1364.170000
2449419.0 1364.097000
2449420.0 1364.089000
2449421.0 1363.979000
2449422.0 1363.997000
2449423.0 1364.055000
2449424.0 1364.092000
2449425.0 1364.165000
2449426.0 1364.014000
2449427.0 1364.094000
2449428.0 NaN
2449429.0 1364.432000
2449430.0 1364.500000
2449431.0 1364.436000
2449432.0 1364.679000
2449433.0 1364.747000
2449434.0 1364.638000
2449435.0 1364.743000
2449436.0 1364.736000
2449437.0 1364.706000
2449438.0 1364.613000
2449439.0 1364.523000
2449440.0 1364.503000
2449441.0 1364.459000
2449442.0 1364.373000
2449443.0 1364.396000
2449444.0 1364.365000
2449445.0 1364.372000
2449446.0 1364.244000
2449447.0 1364.237000
2449448.0 1364.151000
2449449.0 1364.140000
2449450.0 1364.175000
2449451.0 1364.220000
2449452.0 1364.285000
2449453.0 1364.301000
2449454.0 1364.335000
2449455.0 1364.329000
2449456.0 1364.306000
2449457.0 1364.338000
2449458.0 1364.373000
2449459.0 1364.435000
2449460.0 1364.382000
2449461.0 1364.440000
2449462.0 1364.323000
2449463.0 1364.337000
2449464.0 1364.258000
2449465.0 1364.309000
2449466.0 1364.339000
2449467.0 1364.302000
2449468.0 1364.304000
2449469.0 1364.307000
2449470.0 1364.241000
2449471.0 1364.194000
2449472.0 1364.149000
2449473.0 1364.075000
2449474.0 1363.932000
2449475.0 1363.891000
2449476.0 1363.946000
2449477.0 1363.926000
2449478.0 1363.974000
2449479.0 1363.994000
2449480.0 1364.057000
2449481.0 1364.091000
2449482.0 1364.111000
2449483.0 1364.164000
2449484.0 1364.210000
2449485.0 1364.231000
2449486.0 1364.190000
2449487.0 1364.235000
2449488.0 1364.193000
2449489.0 1364.165000
2449490.0 1364.191000
2449491.0 1364.230000
2449492.0 1364.237000
2449493.0 1364.349000
2449494.0 1364.406000
2449495.0 1364.470000
2449496.0 1364.457000
2449497.0 NaN
2449498.0 1364.223000
2449499.0 1364.150000
2449500.0 1364.081000
2449501.0 1364.009000
2449502.0 1363.966000
2449503.0 1363.982000
2449504.0 1363.945000
2449505.0 1364.022000
2449506.0 1364.054000
2449507.0 1364.095000
2449508.0 1364.096000
2449509.0 1364.095000
2449510.0 1364.137000
2449511.0 1364.180000
2449512.0 1364.255000
2449513.0 1364.282000
2449514.0 1364.228000
2449515.0 1364.152000
2449516.0 1364.088000
2449517.0 1364.135000
2449518.0 1364.241000
2449519.0 1364.304000
2449520.0 1364.340000
2449521.0 1364.410000
2449522.0 1364.374000
2449523.0 1364.356000
2449524.0 1364.301000
2449525.0 1364.289000
2449526.0 1364.234000
2449527.0 1364.223000
2449528.0 1364.208000
2449529.0 1364.179000
2449530.0 1364.192000
2449531.0 1364.175000
2449532.0 1364.201000
2449533.0 1364.158000
2449534.0 1363.927000
2449535.0 1363.947000
2449536.0 1363.958000
2449537.0 1364.045000
2449538.0 1364.100000
2449539.0 1364.186000
2449540.0 1364.235000
2449541.0 1364.216000
2449542.0 1364.113000
2449543.0 1364.066000
2449544.0 1364.109000
2449545.0 1364.158000
2449546.0 1364.320000
2449547.0 1364.361000
2449548.0 1364.270000
2449549.0 1364.140000
2449550.0 1364.087000
2449551.0 1364.079000
2449552.0 1364.117000
2449553.0 1364.046000
2449554.0 1363.971000
2449555.0 1363.904000
2449556.0 1363.887000
2449557.0 1363.880000
2449558.0 1363.938000
2449559.0 1364.052000
2449560.0 1364.138000
2449561.0 1364.198000
2449562.0 1364.238000
2449563.0 1364.252000
2449564.0 1364.334000
2449565.0 1364.391000
2449566.0 1364.405000
2449567.0 1364.449000
2449568.0 1364.444000
2449569.0 1364.400000
2449570.0 1364.327000
2449571.0 1364.226000
2449572.0 1364.194000
2449573.0 1364.169000
2449574.0 1364.146000
2449575.0 1364.106000
2449576.0 1364.107000
2449577.0 1364.080000
2449578.0 1363.946000
2449579.0 1363.784000
2449580.0 1363.895000
2449581.0 1363.953000
2449582.0 1364.055000
2449583.0 1364.131000
2449584.0 1364.081000
2449585.0 1364.092000
2449586.0 1364.119000
2449587.0 1364.137000
2449588.0 1364.095000
2449589.0 1364.052000
2449590.0 1364.091000
2449591.0 1364.105000
2449592.0 1364.165000
2449593.0 1364.215000
2449594.0 1364.247000
2449595.0 1364.274000
2449596.0 1364.217000
2449597.0 1364.102000
2449598.0 1364.009000
2449599.0 1363.918000
2449600.0 1363.853000
2449601.0 1363.836000
2449602.0 1363.885000
2449603.0 1363.882000
2449604.0 1364.048000
2449605.0 1364.127000
2449606.0 1364.162000
2449607.0 1364.169000
2449608.0 1364.199000
2449609.0 1364.195000
2449610.0 1364.146000
2449611.0 1364.131000
2449612.0 1364.097000
2449613.0 1364.029000
2449614.0 1364.035000
2449615.0 1364.001000
2449616.0 1363.992000
2449617.0 1364.009000
2449618.0 1364.023000
2449619.0 1364.014000
2449620.0 1363.991000
2449621.0 1363.996000
2449622.0 1364.021000
2449623.0 1364.083000
2449624.0 1364.073000
2449625.0 1364.043000
2449626.0 1364.012000
2449627.0 1363.973000
2449628.0 1363.968000
2449629.0 1363.975000
2449630.0 1363.922000
2449631.0 1363.936000
2449632.0 1363.961000
2449633.0 1363.986000
2449634.0 1364.021000
2449635.0 1364.022000
2449636.0 1364.054000
2449637.0 1364.038000
2449638.0 1364.002000
2449639.0 1363.992000
2449640.0 1363.965000
2449641.0 NaN
2449642.0 1363.859000
2449643.0 1363.943000
2449644.0 1363.999000
2449645.0 1364.348000
2449646.0 NaN
2449647.0 1364.216000
2449648.0 1364.157000
2449649.0 1364.184000
2449650.0 1364.164000
2449651.0 1364.154000
2449652.0 1364.226000
2449653.0 1364.245000
2449654.0 1364.163000
2449655.0 1364.066000
2449656.0 1363.967000
2449657.0 1363.965000
2449658.0 1364.040000
2449659.0 1364.101000
2449660.0 1364.165000
2449661.0 1364.171000
2449662.0 1364.189000
2449663.0 1364.185000
2449664.0 1364.130000
2449665.0 1364.219000
2449666.0 1364.273000
2449667.0 1364.299000
2449668.0 1364.335000
2449669.0 1364.367000
2449670.0 1364.352000
2449671.0 1364.400000
2449672.0 1364.422000
2449673.0 1364.442000
2449674.0 1364.427000
2449675.0 1364.392000
2449676.0 1364.385000
2449677.0 NaN
2449678.0 1364.077000
2449679.0 1364.130000
2449680.0 1364.175000
2449681.0 1364.186000
2449682.0 1364.115000
2449683.0 1364.092000
2449684.0 1364.127000
2449685.0 1364.192000
2449686.0 1364.261000
2449687.0 1364.254000
2449688.0 1364.230000
2449689.0 1364.151000
2449690.0 1364.114000
2449691.0 1364.110000
2449692.0 1364.141000
2449693.0 1364.151000
2449694.0 1364.132000
2449695.0 1364.104000
2449696.0 1364.050000
2449697.0 1363.930000
2449698.0 1363.700000
2449699.0 1363.428000
2449700.0 1363.463000
2449701.0 1363.479000
2449702.0 1363.568000
2449703.0 1363.705000
2449704.0 1363.911000
2449705.0 1364.037000
2449706.0 1364.009000
2449707.0 1363.942000
2449708.0 1363.911000
2449709.0 1363.854000
2449710.0 1363.844000
2449711.0 1363.876000
2449712.0 1363.924000
2449713.0 1363.981000
2449714.0 1363.924000
2449715.0 1364.052000
2449716.0 1363.949000
2449717.0 1363.926000
2449718.0 1363.903000
2449719.0 NaN
2449720.0 1364.274000
2449721.0 1364.323000
2449722.0 1364.385000
2449723.0 1364.377000
2449724.0 1364.362000
2449725.0 1364.335000
2449726.0 1364.293000
2449727.0 1364.258000
2449728.0 1364.274000
2449729.0 1364.267000
2449730.0 1364.250000
2449731.0 1364.270000
2449732.0 1364.211000
2449733.0 1364.124000
2449734.0 1363.998000
2449735.0 1363.927000
2449736.0 1363.980000
2449737.0 1364.077000
2449738.0 1364.144000
2449739.0 1364.168000
2449740.0 1364.142000
2449741.0 1364.065000
2449742.0 1363.968000
2449743.0 1363.939000
2449744.0 1363.966000
2449745.0 1364.040000
2449746.0 1364.100000
2449747.0 1364.128000
2449748.0 NaN
2449749.0 1364.087000
2449750.0 1364.063000
2449751.0 1364.011000
2449752.0 1363.943000
2449753.0 1363.915000
2449754.0 1363.893000
2449755.0 1363.936000
2449756.0 1364.001000
2449757.0 1364.028000
2449758.0 1364.086000
2449759.0 1364.063000
2449760.0 1363.986000
2449761.0 1363.882000
2449762.0 1363.857000
2449763.0 1363.900000
2449764.0 1364.007000
2449765.0 1364.154000
2449766.0 1364.214000
2449767.0 1364.144000
2449768.0 1364.020000
2449769.0 1363.954000
2449770.0 1363.937000
2449771.0 1364.033000
2449772.0 1364.156000
2449773.0 1364.246000
2449774.0 1364.294000
2449775.0 1364.276000
2449776.0 1364.185000
2449777.0 1364.050000
2449778.0 1363.789000
2449779.0 1363.699000
2449780.0 1363.641000
2449781.0 1363.771000
2449782.0 1363.943000
2449783.0 1364.022000
2449784.0 1364.066000
2449785.0 1364.125000
2449786.0 1364.049000
2449787.0 1363.924000
2449788.0 1363.916000
2449789.0 1364.173000
2449790.0 1364.191000
2449791.0 1364.263000
2449792.0 1364.326000
2449793.0 1364.386000
2449794.0 1364.381000
2449795.0 1364.329000
2449796.0 1364.278000
2449797.0 1364.226000
2449798.0 1364.186000
2449799.0 1364.158000
2449800.0 NaN
2449801.0 NaN
2449802.0 1364.555000
2449803.0 NaN
2449804.0 NaN
2449805.0 1364.225000
2449806.0 1364.155000
2449807.0 NaN
2449808.0 NaN
2449809.0 NaN
2449810.0 NaN
2449811.0 NaN
2449812.0 NaN
2449813.0 NaN
2449814.0 NaN
2449815.0 1364.162000
2449816.0 1364.142000
2449817.0 1364.171000
2449818.0 1364.183000
2449819.0 1364.289000
2449820.0 1364.339000
2449821.0 1364.283000
2449822.0 1364.150000
2449823.0 1364.038000
2449824.0 1364.027000
2449825.0 NaN
2449826.0 NaN
2449827.0 NaN
2449828.0 NaN
2449829.0 NaN
2449830.0 1364.400000
2449831.0 1364.249000
2449832.0 1364.222000
2449833.0 1364.154000
2449834.0 1364.168000
2449835.0 1364.153000
2449836.0 1364.105000
2449837.0 1364.098000
2449838.0 1364.068000
2449839.0 1364.018000
2449840.0 1364.014000
2449841.0 1363.979000
2449842.0 1363.971000
2449843.0 1363.934000
2449844.0 1363.963000
2449845.0 1364.014000
2449846.0 1364.091000
2449847.0 1364.110000
2449848.0 1364.118000
2449849.0 1364.075000
2449850.0 1364.027000
2449851.0 1363.940000
2449852.0 1363.998000
2449853.0 1363.951000
2449854.0 NaN
2449855.0 NaN
2449856.0 NaN
2449857.0 NaN
2449858.0 NaN
2449859.0 NaN
2449860.0 NaN
2449861.0 NaN
2449862.0 NaN
2449863.0 1364.285000
2449864.0 1364.216000
2449865.0 1364.182000
2449866.0 1364.158000
2449867.0 1364.161000
2449868.0 1364.112000
2449869.0 1364.107000
2449870.0 1364.068000
2449871.0 1364.098000
2449872.0 1364.123000
2449873.0 1364.161000
2449874.0 1364.149000
2449875.0 1364.185000
2449876.0 1364.181000
2449877.0 1364.112000
2449878.0 1364.017000
2449879.0 1364.062000
2449880.0 1364.126000
2449881.0 1364.202000
2449882.0 1364.296000
2449883.0 1364.241000
2449884.0 1364.127000
2449885.0 1364.053000
2449886.0 1364.018000
2449887.0 1364.022000
2449888.0 1364.070000
2449889.0 1364.087000
2449890.0 1364.044000
2449891.0 1364.006000
2449892.0 1364.019000
2449893.0 1363.999000
2449894.0 1364.027000
2449895.0 1364.063000
2449896.0 1364.090000
2449897.0 1364.125000
2449898.0 1364.142000
2449899.0 NaN
2449900.0 NaN
2449901.0 NaN
2449902.0 1364.059000
2449903.0 1363.977000
2449904.0 1363.906000
2449905.0 1363.947000
2449906.0 1363.991000
2449907.0 1364.021000
2449908.0 1364.088000
2449909.0 1364.121000
2449910.0 1364.115000
2449911.0 1364.108000
2449912.0 1364.095000
2449913.0 1364.048000
2449914.0 1363.961000
2449915.0 1363.993000
2449916.0 1364.029000
2449917.0 1364.079000
2449918.0 1364.126000
2449919.0 1364.135000
2449920.0 1364.128000
2449921.0 1364.028000
2449922.0 1364.139000
2449923.0 1364.147000
2449924.0 1364.161000
2449925.0 1364.157000
2449926.0 1364.175000
2449927.0 1364.215000
2449928.0 1364.242000
2449929.0 NaN
2449930.0 NaN
2449931.0 NaN
2449932.0 1364.231000
2449933.0 1364.226000
2449934.0 1364.258000
2449935.0 1364.234000
2449936.0 1364.222000
2449937.0 1364.243000
2449938.0 1364.197000
2449939.0 1364.162000
2449940.0 1364.119000
2449941.0 1364.174000
2449942.0 1364.192000
2449943.0 1364.121000
2449944.0 1364.075000
2449945.0 1364.019000
2449946.0 1364.032000
2449947.0 1364.047000
2449948.0 1364.028000
2449949.0 1364.041000
2449950.0 1364.069000
2449951.0 1364.063000
2449952.0 1364.036000
2449953.0 1364.008000
2449954.0 1363.934000
2449955.0 1364.013000
2449956.0 1364.159000
2449957.0 1364.259000
2449958.0 1364.326000
2449959.0 1364.292000
2449960.0 1364.288000
2449961.0 1364.284000
2449962.0 1364.137000
2449963.0 1364.258000
2449964.0 1364.299000
2449965.0 1364.306000
2449966.0 1364.312000
2449967.0 1364.313000
2449968.0 1364.330000
2449969.0 NaN
2449970.0 1364.071000
2449971.0 1364.008000
2449972.0 1364.016000
2449973.0 1364.053000
2449974.0 1364.067000
2449975.0 1364.091000
2449976.0 NaN
2449977.0 1364.118000
2449978.0 1364.075000
2449979.0 1364.085000
2449980.0 1364.105000
2449981.0 1364.137000
2449982.0 1364.167000
2449983.0 1364.188000
2449984.0 1364.159000
2449985.0 1364.173000
2449986.0 1364.151000
2449987.0 1364.146000
2449988.0 1364.117000
2449989.0 1364.141000
2449990.0 1364.159000
2449991.0 1364.148000
2449992.0 1364.092000
2449993.0 1363.915000
2449994.0 1363.993000
2449995.0 1363.981000
2449996.0 1363.973000
2449997.0 1363.972000
2449998.0 1363.948000
2449999.0 1363.946000
2450000.0 1363.912000
2450001.0 1363.858000
2450002.0 1363.766000
2450003.0 1363.653000
2450004.0 1363.523000
2450005.0 NaN
2450006.0 NaN
2450007.0 NaN
2450008.0 NaN
2450009.0 NaN
2450010.0 NaN
2450011.0 NaN
2450012.0 NaN
2450013.0 1364.201000
2450014.0 1364.112000
2450015.0 1364.146000
2450016.0 1364.005000
2450017.0 1364.127000
2450018.0 1364.187000
2450019.0 1364.166000
2450020.0 1364.128000
2450021.0 1364.155000
2450022.0 1364.078000
2450023.0 1364.131000
2450024.0 1364.099000
2450025.0 1364.103000
2450026.0 1364.076000
2450027.0 1364.106000
2450028.0 1364.225000
2450029.0 1364.162000
2450030.0 1364.206000
2450031.0 1364.123000
2450032.0 1364.020000
2450033.0 1364.021000
2450034.0 1364.029000
2450035.0 1364.021000
2450036.0 1364.068000
2450037.0 1364.058000
2450038.0 1364.111000
2450039.0 1364.021000
2450040.0 1364.092000
2450041.0 1364.094000
2450042.0 1364.064000
2450043.0 1364.089000
2450044.0 1363.979000
2450045.0 1364.085000
2450046.0 1363.908000
2450047.0 1363.949000
2450048.0 1363.886000
2450049.0 1363.999000
2450050.0 1364.021000
2450051.0 1363.987000
2450052.0 1363.815000
2450053.0 1363.900000
2450054.0 1363.812000
2450055.0 1363.821000
2450056.0 1363.786000
2450057.0 1363.813000
2450058.0 1363.708000
2450059.0 1363.789000
2450060.0 1363.716000
2450061.0 1363.746000
2450062.0 1363.733000
2450063.0 1363.716000
2450064.0 1363.732000
2450065.0 1363.750000
2450066.0 1363.798000
2450067.0 1363.761000
2450068.0 1363.762000
2450069.0 1363.749000
2450070.0 1363.696000
2450071.0 1363.696000
2450072.0 1363.758000
2450073.0 1363.652000
2450074.0 1363.750000
2450075.0 1363.820000
2450076.0 1363.815000
2450077.0 1363.705000
2450078.0 1363.758000
2450079.0 NaN
2450080.0 NaN
2450081.0 1364.262000
2450082.0 1364.191000
2450083.0 1364.282000
2450084.0 1364.181000
2450085.0 1364.244000
2450086.0 1364.145000
2450087.0 1364.009000
2450088.0 1363.937000
2450089.0 1364.060000
2450090.0 1364.038000
2450091.0 1364.033000
2450092.0 1364.072000
2450093.0 1364.028000
2450094.0 1363.972000
2450095.0 1363.923000
2450096.0 1363.877000
2450097.0 1363.900000
2450098.0 1363.924000
2450099.0 1363.916000
2450100.0 1363.888000
2450101.0 1363.910000
2450102.0 1363.880000
2450103.0 1363.923000
2450104.0 1363.895000
2450105.0 1363.897000
2450106.0 1363.955000
2450107.0 1363.908000
2450108.0 1363.834000
2450109.0 1364.004000
2450110.0 1363.985000
2450111.0 1363.989000
2450112.0 1364.031000
2450113.0 1364.000000
2450114.0 1363.969000
2450115.0 1363.962000
2450116.0 1363.945000
2450117.0 NaN
2450118.0 NaN
2450119.0 NaN
2450120.0 NaN
2450121.0 NaN
2450122.0 NaN
2450123.0 NaN
2450124.0 NaN
2450125.0 NaN
2450126.0 NaN
2450127.0 1363.745000
2450128.0 1363.689000
2450129.0 1363.707000
2450130.0 1363.743000
2450131.0 1363.748000
2450132.0 1363.711000
2450133.0 1363.733000
2450134.0 1363.856000
2450135.0 1363.912000
2450136.0 1363.907000
2450137.0 1363.892000
2450138.0 1363.816000
2450139.0 1363.831000
2450140.0 1363.907000
2450141.0 1363.910000
2450142.0 1363.904000
2450143.0 1363.919000
2450144.0 1363.956000
2450145.0 1363.872000
2450146.0 1363.853000
2450147.0 1363.908000
2450148.0 NaN
2450149.0 NaN
2450150.0 1363.798000
2450151.0 1363.763000
2450152.0 1363.830000
2450153.0 1363.763000
2450154.0 1363.855000
2450155.0 1363.681000
2450156.0 1363.760000
2450157.0 1363.802000
2450158.0 1363.836000
2450159.0 1363.916000
2450160.0 1363.958000
2450161.0 1364.000000
2450162.0 1363.990000
2450163.0 1363.950000
2450164.0 1363.956000
2450165.0 1363.883000
2450166.0 1363.885000
2450167.0 1363.908000
2450168.0 1363.948000
2450169.0 1363.937000
2450170.0 1363.962000
2450171.0 1364.030000
2450172.0 1363.987000
2450173.0 1363.970000
2450174.0 1363.968000
2450175.0 1363.814000
2450176.0 1363.832000
2450177.0 1363.910000
2450178.0 1363.923000
2450179.0 1363.880000
2450180.0 1363.908000
2450181.0 1363.943000
2450182.0 1363.940000
2450183.0 1363.899000
2450184.0 1363.900000
2450185.0 1363.844000
2450186.0 1363.819000
2450187.0 1363.823000
2450188.0 1363.741000
2450189.0 1363.821000
2450190.0 1363.780000
2450191.0 1363.816000
2450192.0 1363.780000
2450193.0 1363.883000
2450194.0 1363.814000
2450195.0 1363.708000
2450196.0 1363.829000
2450197.0 1363.774000
2450198.0 1363.820000
2450199.0 1363.850000
2450200.0 1363.850000
2450201.0 1363.828000
2450202.0 1363.839000
2450203.0 1363.862000
2450204.0 1363.835000
2450205.0 1363.881000
2450206.0 1363.933000
2450207.0 1363.906000
2450208.0 1363.923000
2450209.0 1363.922000
2450210.0 1363.942000
2450211.0 1363.980000
2450212.0 NaN
2450213.0 NaN
2450214.0 1364.127000
2450215.0 1363.994000
2450216.0 1364.023000
2450217.0 1364.088000
2450218.0 NaN
2450219.0 1364.406000
2450220.0 1364.336000
2450221.0 1364.299000
2450222.0 1364.196000
2450223.0 1364.169000
2450224.0 1363.979000
2450225.0 1364.013000
2450226.0 1363.855000
2450227.0 1363.986000
2450228.0 1363.898000
2450229.0 1363.947000
2450230.0 NaN
2450231.0 NaN
2450232.0 NaN
2450233.0 1363.894000
2450234.0 1363.829000
2450235.0 1363.869000
2450236.0 1363.865000
2450237.0 1363.868000
2450238.0 1363.854000
2450239.0 1363.938000
2450240.0 1364.007000
2450241.0 1363.935000
2450242.0 1363.886000
2450243.0 1363.916000
2450244.0 1363.950000
2450245.0 1364.021000
2450246.0 1364.027000
2450247.0 1363.997000
2450248.0 1364.033000
2450249.0 1364.014000
2450250.0 1363.959000
2450251.0 1363.946000
2450252.0 1363.948000
2450253.0 1363.894000
2450254.0 1363.971000
2450255.0 1363.990000
2450256.0 1363.990000
2450257.0 1364.001000
2450258.0 1363.960000
2450259.0 1363.990000
2450260.0 1363.872000
2450261.0 1363.761000
2450262.0 1363.829000
2450263.0 1363.897000
2450264.0 1363.998000
2450265.0 1364.025000
2450266.0 1364.063000
2450267.0 1364.112000
2450268.0 1364.119000
2450269.0 1364.100000
2450270.0 1364.077000
2450271.0 1364.039000
2450272.0 1364.034000
2450273.0 1363.778000
2450274.0 1363.676000
2450275.0 1363.768000
2450276.0 1363.868000
2450277.0 1364.007000
2450278.0 1363.975000
2450279.0 1363.919000
2450280.0 1363.950000
2450281.0 1363.954000
2450282.0 1363.935000
2450283.0 1363.960000
2450284.0 1363.990000
2450285.0 1363.991000
2450286.0 NaN
2450287.0 NaN
2450288.0 NaN
2450289.0 NaN
2450290.0 NaN
2450291.0 NaN
2450292.0 NaN
2450293.0 NaN
2450294.0 NaN
2450295.0 NaN
2450296.0 1363.961000
2450297.0 1363.763000
2450298.0 1363.833000
2450299.0 1363.795000
2450300.0 1363.778000
2450301.0 1363.969000
2450302.0 1364.088000
2450303.0 1364.104000
2450304.0 1363.996000
2450305.0 1363.910000
2450306.0 1363.894000
2450307.0 1363.816000
2450308.0 1363.812000
2450309.0 1363.893000
2450310.0 1363.865000
2450311.0 1363.837000
2450312.0 1363.818000
2450313.0 1363.811000
2450314.0 1363.836000
2450315.0 1363.904000
2450316.0 1363.912000
2450317.0 1363.904000
2450318.0 1363.919000
2450319.0 1363.981000
2450320.0 1364.099000
2450321.0 1364.217000
2450322.0 1364.233000
2450323.0 1364.166000
2450324.0 1364.166000
2450325.0 1364.145000
2450326.0 1364.175000
2450327.0 1364.173000
2450328.0 1364.239000
2450329.0 NaN
2450330.0 NaN
2450331.0 1363.965000
2450332.0 1363.902000
2450333.0 1363.843000
2450334.0 1363.868000
2450335.0 1363.857000
2450336.0 1363.857000
2450337.0 1363.844000
2450338.0 1363.840000
2450339.0 1363.784000
2450340.0 1363.823000
2450341.0 1363.831000
2450342.0 1363.789000
2450343.0 1363.801000
2450344.0 1363.807000
2450345.0 1363.851000
2450346.0 1363.836000
2450347.0 1363.850000
2450348.0 1363.972000
2450349.0 1364.052000
2450350.0 1364.076000
2450351.0 1364.052000
2450352.0 1364.059000
2450353.0 1364.047000
2450354.0 1364.017000
2450355.0 1364.026000
2450356.0 1364.021000
2450357.0 1364.020000
2450358.0 1363.956000
2450359.0 1363.872000
2450360.0 1363.894000
2450361.0 1363.962000
2450362.0 1363.889000
2450363.0 1363.886000
2450364.0 1363.871000
2450365.0 1363.982000
2450366.0 1364.035000
2450367.0 1364.001000
2450368.0 1364.095000
2450369.0 1364.082000
2450370.0 1363.996000
2450371.0 1364.023000
2450372.0 1364.055000
2450373.0 1364.000000
2450374.0 1364.072000
2450375.0 1364.094000
2450376.0 1364.104000
2450377.0 1364.146000
2450378.0 1364.038000
2450379.0 1364.087000
2450380.0 1364.058000
2450381.0 1364.071000
2450382.0 1364.050000
2450383.0 1364.011000
2450384.0 1364.039000
2450385.0 1364.003000
2450386.0 1363.961000
2450387.0 1363.910000
2450388.0 1363.871000
2450389.0 1363.867000
2450390.0 1363.887000
2450391.0 1363.872000
2450392.0 1363.877000
2450393.0 1363.783000
2450394.0 1363.884000
2450395.0 1363.829000
2450396.0 1363.869000
2450397.0 1363.879000
2450398.0 1363.830000
2450399.0 1363.958000
2450400.0 1363.994000
2450401.0 1363.986000
2450402.0 1363.959000
2450403.0 1364.055000
2450404.0 1363.973000
2450405.0 1364.113000
2450406.0 1364.054000
2450407.0 1364.000000
2450408.0 1364.016000
2450409.0 1364.027000
2450410.0 1363.927000
2450411.0 1363.586000
2450412.0 1363.264000
2450413.0 1362.847000
2450414.0 1362.917000
2450415.0 1363.012000
2450416.0 1363.073000
2450417.0 1363.329000
2450418.0 1363.630000
2450419.0 1363.742000
2450420.0 1363.753000
2450421.0 1363.679000
2450422.0 1363.664000
2450423.0 1363.616000
2450424.0 1363.685000
2450425.0 1363.720000
2450426.0 1363.705000
2450427.0 1363.744000
2450428.0 1363.772000
2450429.0 1363.802000
2450430.0 1363.780000
2450431.0 1363.976000
2450432.0 1363.997000
2450433.0 1363.889000
2450434.0 1363.894000
2450435.0 1363.947000
2450436.0 1363.966000
2450437.0 1364.020000
2450438.0 1364.077000
2450439.0 1364.061000
2450440.0 1364.178000
2450441.0 1364.204000
2450442.0 1364.244000
2450443.0 1364.112000
2450444.0 1364.122000
2450445.0 1364.154000
2450446.0 1363.991000
2450447.0 1363.975000
2450448.0 1363.901000
2450449.0 1364.022000
2450450.0 1364.065000
2450451.0 1364.052000
2450452.0 1364.114000
2450453.0 1364.154000
2450454.0 1364.083000
2450455.0 1364.085000
2450456.0 1364.028000
2450457.0 1364.186000
2450458.0 1364.122000
2450459.0 1364.253000
2450460.0 1364.159000
2450461.0 1364.196000
2450462.0 1364.175000
2450463.0 1364.176000
2450464.0 1364.148000
2450465.0 1364.014000
2450466.0 1364.159000
2450467.0 1364.129000
2450468.0 1364.138000
2450469.0 1364.022000
2450470.0 1364.060000
2450471.0 1364.028000
2450472.0 1363.951000
2450473.0 1364.051000
2450474.0 1364.017000
2450475.0 1363.848000
2450476.0 1363.980000
2450477.0 1364.003000
2450478.0 1363.939000
2450479.0 1363.983000
2450480.0 1363.988000
2450481.0 1363.994000
2450482.0 1363.972000
2450483.0 1363.808000
2450484.0 1363.860000
2450485.0 1363.989000
2450486.0 1364.010000
2450487.0 1364.034000
2450488.0 1363.935000
2450489.0 1363.967000
2450490.0 1363.874000
2450491.0 1363.920000
2450492.0 1363.903000
2450493.0 1363.914000
2450494.0 1363.883000
2450495.0 1363.929000
2450496.0 1363.881000
2450497.0 1363.939000
2450498.0 1363.939000
2450499.0 1363.868000
2450500.0 1363.754000
2450501.0 1363.877000
2450502.0 1363.870000
2450503.0 1363.894000
2450504.0 1363.941000
2450505.0 1363.918000
2450506.0 1363.950000
2450507.0 1363.979000
2450508.0 1363.931000
2450509.0 1364.209000
2450510.0 1364.104000
2450511.0 1364.154000
2450512.0 1364.115000
2450513.0 1364.136000
2450514.0 1364.099000
2450515.0 1364.100000
2450516.0 1364.102000
2450517.0 1364.206000
2450518.0 1364.098000
2450519.0 1364.094000
2450520.0 1363.994000
2450521.0 1364.068000
2450522.0 1363.861000
2450523.0 1364.030000
2450524.0 1364.085000
2450525.0 1364.070000
2450526.0 1364.035000
2450527.0 1363.926000
2450528.0 1363.858000
2450529.0 1363.909000
2450530.0 1363.915000
2450531.0 1363.756000
2450532.0 1363.950000
2450533.0 1363.923000
2450534.0 1363.924000
2450535.0 1364.006000
2450536.0 1364.035000
2450537.0 1363.956000
2450538.0 1363.961000
2450539.0 1363.965000
2450540.0 1364.215000
2450541.0 1364.229000
2450542.0 1364.243000
2450543.0 1364.407000
2450544.0 1364.455000
2450545.0 1364.458000
2450546.0 1364.181000
2450547.0 1364.175000
2450548.0 1364.059000
2450549.0 1363.943000
2450550.0 1364.046000
2450551.0 1364.170000
2450552.0 1364.091000
2450553.0 1364.004000
2450554.0 1364.008000
2450555.0 1363.931000
2450556.0 1363.978000
2450557.0 1364.031000
2450558.0 1363.970000
2450559.0 1363.983000
2450560.0 1364.044000
2450561.0 1364.019000
2450562.0 1364.032000
2450563.0 1364.017000
2450564.0 1364.111000
2450565.0 1364.077000
2450566.0 1364.103000
2450567.0 1364.154000
2450568.0 1364.018000
2450569.0 1364.239000
2450570.0 1364.215000
2450571.0 1364.259000
2450572.0 1364.209000
2450573.0 1364.233000
2450574.0 1364.297000
2450575.0 1364.269000
2450576.0 1364.285000
2450577.0 1364.227000
2450578.0 NaN
2450579.0 1364.066000
2450580.0 1364.095000
2450581.0 1364.056000
2450582.0 1363.929000
2450583.0 1364.085000
2450584.0 1364.100000
2450585.0 1364.056000
2450586.0 1364.093000
2450587.0 1364.079000
2450588.0 1364.013000
2450589.0 1363.966000
2450590.0 1363.857000
2450591.0 1364.012000
2450592.0 1364.116000
2450593.0 1364.184000
2450594.0 1364.224000
2450595.0 1364.211000
2450596.0 1364.147000
2450597.0 1364.167000
2450598.0 1364.234000
2450599.0 1364.259000
2450600.0 NaN
2450601.0 NaN
2450602.0 1364.086000
2450603.0 1363.964000
2450604.0 1364.055000
2450605.0 1364.011000
2450606.0 1364.121000
2450607.0 1364.137000
2450608.0 1364.116000
2450609.0 1364.025000
2450610.0 1364.014000
2450611.0 1364.028000
2450612.0 1364.092000
2450613.0 1363.959000
2450614.0 1363.990000
2450615.0 1364.091000
2450616.0 1363.974000
2450617.0 1364.095000
2450618.0 1364.125000
2450619.0 1364.137000
2450620.0 1364.038000
2450621.0 1364.110000
2450622.0 1364.098000
2450623.0 1364.003000
2450624.0 1364.059000
2450625.0 1363.999000
2450626.0 1364.069000
2450627.0 1364.126000
2450628.0 1364.159000
2450629.0 1364.110000
2450630.0 1364.009000
2450631.0 1364.020000
2450632.0 1364.014000
2450633.0 1364.002000
2450634.0 1363.955000
2450635.0 1363.963000
2450636.0 1363.985000
2450637.0 1363.983000
2450638.0 1364.019000
2450639.0 1363.974000
2450640.0 1363.943000
2450641.0 1363.984000
2450642.0 1363.993000
2450643.0 1363.909000
2450644.0 1363.920000
2450645.0 1363.965000
2450646.0 1363.975000
2450647.0 1363.987000
2450648.0 1364.084000
2450649.0 1364.038000
2450650.0 1364.149000
2450651.0 1364.357000
2450652.0 1364.296000
2450653.0 1364.307000
2450654.0 1364.372000
2450655.0 1364.369000
2450656.0 1364.437000
2450657.0 1364.424000
2450658.0 1364.418000
2450659.0 1364.405000
2450660.0 1364.353000
2450661.0 1364.331000
2450662.0 1364.195000
2450663.0 1364.186000
2450664.0 1364.230000
2450665.0 1364.113000
2450666.0 1364.204000
2450667.0 1364.124000
2450668.0 1364.135000
2450669.0 1364.066000
2450670.0 1364.118000
2450671.0 1364.107000
2450672.0 1364.183000
2450673.0 1364.151000
2450674.0 1364.260000
2450675.0 1364.351000
2450676.0 1364.319000
2450677.0 1364.261000
2450678.0 1364.330000
2450679.0 1364.323000
2450680.0 1364.326000
2450681.0 1364.349000
2450682.0 1364.391000
2450683.0 1364.417000
2450684.0 1364.378000
2450685.0 1364.383000
2450686.0 1364.515000
2450687.0 1364.583000
2450688.0 1364.488000
2450689.0 1364.415000
2450690.0 1364.331000
2450691.0 1364.181000
2450692.0 1364.116000
2450693.0 1364.203000
2450694.0 1364.416000
2450695.0 1364.591000
2450696.0 1364.440000
2450697.0 1364.296000
2450698.0 1364.092000
2450699.0 1363.937000
2450700.0 1363.703000
2450701.0 1363.502000
2450702.0 1363.479000
2450703.0 NaN
2450704.0 1363.717000
2450705.0 1363.877000
2450706.0 1364.087000
2450707.0 1364.132000
2450708.0 1364.175000
2450709.0 1364.189000
2450710.0 1364.168000
2450711.0 1364.162000
2450712.0 1364.253000
2450713.0 1364.250000
2450714.0 1364.489000
2450715.0 1364.293000
2450716.0 1364.242000
2450717.0 NaN
2450718.0 1364.234000
2450719.0 1364.303000
2450720.0 1364.403000
2450721.0 1364.496000
2450722.0 1364.490000
2450723.0 1364.555000
2450724.0 1364.593000
2450725.0 1364.505000
2450726.0 1364.389000
2450727.0 1364.467000
2450728.0 1364.429000
2450729.0 1364.480000
2450730.0 1364.522000
2450731.0 1364.436000
2450732.0 1364.510000
2450733.0 1364.377000
2450734.0 1364.411000
2450735.0 1364.361000
2450736.0 1364.279000
2450737.0 1364.237000
2450738.0 1364.209000
2450739.0 1364.163000
2450740.0 1364.250000
2450741.0 1364.159000
2450742.0 NaN
2450743.0 NaN
2450744.0 NaN
2450745.0 NaN
2450746.0 NaN
2450747.0 NaN
2450748.0 NaN
2450749.0 1364.386000
2450750.0 1364.303000
2450751.0 1364.255000
2450752.0 1364.131000
2450753.0 1364.144000
2450754.0 1364.149000
2450755.0 1364.095000
2450756.0 1363.776000
2450757.0 1363.840000
2450758.0 1363.921000
2450759.0 1364.137000
2450760.0 1364.259000
2450761.0 1364.387000
2450762.0 1364.419000
2450763.0 1364.303000
2450764.0 1364.217000
2450765.0 1364.194000
2450766.0 1364.215000
2450767.0 1364.232000
2450768.0 1364.211000
2450769.0 1364.132000
2450770.0 1364.018000
2450771.0 1363.877000
2450772.0 1363.905000
2450773.0 1363.928000
2450774.0 1363.897000
2450775.0 1363.868000
2450776.0 1364.220000
2450777.0 1364.407000
2450778.0 1364.485000
2450779.0 1364.421000
2450780.0 1364.315000
2450781.0 1364.264000
2450782.0 1364.019000
2450783.0 1364.035000
2450784.0 1363.923000
2450785.0 1363.883000
2450786.0 1363.905000
2450787.0 1364.073000
2450788.0 1364.152000
2450789.0 1364.369000
2450790.0 1364.265000
2450791.0 1364.254000
2450792.0 1364.081000
2450793.0 1363.999000
2450794.0 1364.032000
2450795.0 1363.984000
2450796.0 1364.077000
2450797.0 1364.050000
2450798.0 1364.147000
2450799.0 1364.042000
2450800.0 1364.049000
2450801.0 1364.113000
2450802.0 1364.058000
2450803.0 1364.272000
2450804.0 1364.377000
2450805.0 1364.358000
2450806.0 1364.213000
2450807.0 1364.249000
2450808.0 1364.254000
2450809.0 1364.226000
2450810.0 1364.318000
2450811.0 1364.322000
2450812.0 1364.362000
2450813.0 1364.387000
2450814.0 1364.500000
2450815.0 1364.544000
2450816.0 1364.565000
2450817.0 1364.576000
2450818.0 1364.584000
2450819.0 1364.486000
2450820.0 1364.410000
2450821.0 1364.397000
2450822.0 1364.324000
2450823.0 1364.391000
2450824.0 1364.422000
2450825.0 1364.411000
2450826.0 1364.328000
2450827.0 1364.248000
2450828.0 1364.231000
2450829.0 1364.219000
2450830.0 1364.200000
2450831.0 1364.216000
2450832.0 1364.324000
2450833.0 1364.411000
2450834.0 1364.232000
2450835.0 1364.366000
2450836.0 1364.370000
2450837.0 1364.409000
2450838.0 1364.372000
2450839.0 1364.308000
2450840.0 1364.301000
2450841.0 1364.276000
2450842.0 1364.264000
2450843.0 1364.224000
2450844.0 1364.291000
2450845.0 1364.274000
2450846.0 1364.244000
2450847.0 1364.194000
2450848.0 1364.128000
2450849.0 1364.066000
2450850.0 1363.959000
2450851.0 1364.007000
2450852.0 1364.085000
2450853.0 1364.087000
2450854.0 1364.055000
2450855.0 1364.148000
2450856.0 1364.216000
2450857.0 1364.163000
2450858.0 1364.022000
2450859.0 1363.988000
2450860.0 1363.889000
2450861.0 1363.838000
2450862.0 1363.927000
2450863.0 1363.968000
2450864.0 1364.137000
2450865.0 1364.307000
2450866.0 1364.444000
2450867.0 1364.468000
2450868.0 1364.486000
2450869.0 1364.455000
2450870.0 1364.334000
2450871.0 1364.626000
2450872.0 1364.555000
2450873.0 1364.652000
2450874.0 1364.487000
2450875.0 1364.375000
2450876.0 1364.295000
2450877.0 1364.300000
2450878.0 1364.313000
2450879.0 1364.417000
2450880.0 1364.432000
2450881.0 1364.382000
2450882.0 1364.315000
2450883.0 1364.427000
2450884.0 1364.564000
2450885.0 NaN
2450886.0 NaN
2450887.0 NaN
2450888.0 NaN
2450889.0 NaN
2450890.0 1363.987000
2450891.0 1364.183000
2450892.0 1364.427000
2450893.0 1364.648000
2450894.0 1364.799000
2450895.0 1364.741000
2450896.0 NaN
2450897.0 1364.396000
2450898.0 1364.337000
2450899.0 1364.338000
2450900.0 1364.394000
2450901.0 1364.368000
2450902.0 1364.461000
2450903.0 1364.394000
2450904.0 1364.380000
2450905.0 1364.364000
2450906.0 1364.426000
2450907.0 1364.277000
2450908.0 1364.315000
2450909.0 1364.197000
2450910.0 1364.314000
2450911.0 1364.500000
2450912.0 1364.545000
2450913.0 1364.532000
2450914.0 1364.412000
2450915.0 1364.446000
2450916.0 1364.655000
2450917.0 1364.756000
2450918.0 1364.860000
2450919.0 NaN
2450920.0 NaN
2450921.0 NaN
2450922.0 NaN
2450923.0 NaN
2450924.0 1364.707000
2450925.0 1364.587000
2450926.0 1364.629000
2450927.0 1364.659000
2450928.0 1364.572000
2450929.0 1364.594000
2450930.0 1364.626000
2450931.0 1364.524000
2450932.0 1364.486000
2450933.0 1364.379000
2450934.0 1364.319000
2450935.0 1364.109000
2450936.0 1363.977000
2450937.0 1363.925000
2450938.0 1364.025000
2450939.0 1363.959000
2450940.0 1364.476000
2450941.0 1364.682000
2450942.0 1364.781000
2450943.0 1364.844000
2450944.0 1364.784000
2450945.0 1364.768000
2450946.0 1364.742000
2450947.0 1364.799000
2450948.0 1364.781000
2450949.0 1364.723000
2450950.0 1364.534000
2450951.0 1364.646000
2450952.0 1364.706000
2450953.0 1364.622000
2450954.0 1364.668000
2450955.0 1364.678000
2450956.0 1364.687000
2450957.0 1364.510000
2450958.0 1364.233000
2450959.0 1364.165000
2450960.0 1364.243000
2450961.0 1364.413000
2450962.0 1364.410000
2450963.0 1364.313000
2450964.0 1364.372000
2450965.0 1364.406000
2450966.0 1364.432000
2450967.0 1364.308000
2450968.0 1364.549000
2450969.0 1364.649000
2450970.0 1364.645000
2450971.0 1364.572000
2450972.0 1364.535000
2450973.0 1364.620000
2450974.0 1364.723000
2450975.0 1364.748000
2450976.0 1364.793000
2450977.0 1364.928000
2450978.0 1364.917000
2450979.0 1365.017000
2450980.0 1364.968000
2450981.0 1364.844000
2450982.0 1364.769000
2450983.0 1364.787000
2450984.0 1364.718000
2450985.0 1364.663000
2450986.0 1364.616000
2450987.0 1364.639000
2450988.0 1364.795000
2450989.0 1364.776000
2450990.0 1364.676000
2450991.0 1364.545000
2450992.0 1364.640000
2450993.0 NaN
2450994.0 NaN
2450995.0 NaN
2450996.0 NaN
2450997.0 NaN
2450998.0 1365.123000
2450999.0 1365.007000
2451000.0 1365.026000
2451001.0 1364.904000
2451002.0 1365.082000
2451003.0 1365.102000
2451004.0 1365.208000
2451005.0 1365.098000
2451006.0 1365.194000
2451007.0 1365.190000
2451008.0 1365.094000
2451009.0 1364.963000
2451010.0 1364.779000
2451011.0 1364.798000
2451012.0 1364.766000
2451013.0 1364.874000
2451014.0 1364.914000
2451015.0 1364.916000
2451016.0 1364.803000
2451017.0 1364.733000
2451018.0 1364.761000
2451019.0 NaN
2451020.0 NaN
2451021.0 NaN
2451022.0 NaN
2451023.0 NaN
2451024.0 NaN
2451025.0 1364.845000
2451026.0 1364.895000
2451027.0 1364.826000
2451028.0 1364.987000
2451029.0 1364.906000
2451030.0 1364.809000
2451031.0 1364.772000
2451032.0 1364.540000
2451033.0 1364.512000
2451034.0 1364.486000
2451035.0 1364.189000
2451036.0 1364.036000
2451037.0 1364.096000
2451038.0 1364.030000
2451039.0 1364.091000
2451040.0 1364.069000
2451041.0 1364.056000
2451042.0 1364.393000
2451043.0 1364.631000
2451044.0 1364.837000
2451045.0 1364.881000
2451046.0 1364.847000
2451047.0 1364.670000
2451048.0 1364.665000
2451049.0 1364.738000
2451050.0 1364.758000
2451051.0 1364.973000
2451052.0 1364.973000
2451053.0 1364.977000
2451054.0 1364.872000
2451055.0 1364.705000
2451056.0 1364.449000
2451057.0 1364.450000
2451058.0 1364.182000
2451059.0 1363.965000
2451060.0 1363.893000
2451061.0 1364.040000
2451062.0 1364.268000
2451063.0 1364.445000
2451064.0 1364.544000
2451065.0 NaN
2451066.0 NaN
2451067.0 NaN
2451068.0 NaN
2451069.0 NaN
2451070.0 NaN
2451071.0 NaN
2451072.0 1365.014000
2451073.0 1364.970000
2451074.0 1364.930000
2451075.0 1365.018000
2451076.0 1364.829000
2451077.0 1364.757000
2451078.0 1364.660000
2451079.0 1364.458000
2451080.0 1364.434000
2451081.0 1364.502000
2451082.0 1364.675000
2451083.0 1364.824000
2451084.0 1364.952000
2451085.0 1365.079000
2451086.0 1365.228000
2451087.0 1365.159000
2451088.0 1365.062000
2451089.0 1364.963000
2451090.0 1364.959000
2451091.0 1364.836000
2451092.0 1364.902000
2451093.0 1364.751000
2451094.0 1364.667000
2451095.0 1364.746000
2451096.0 1364.746000
2451097.0 1364.692000
2451098.0 1364.674000
2451099.0 1364.810000
2451100.0 1364.848000
2451101.0 1364.713000
2451102.0 1364.641000
2451103.0 1364.597000
2451104.0 1364.688000
2451105.0 1364.761000
2451106.0 1364.768000
2451107.0 1364.829000
2451108.0 1364.605000
2451109.0 1364.636000
2451110.0 1364.734000
2451111.0 1364.877000
2451112.0 1364.872000
2451113.0 1364.827000
2451114.0 1364.776000
2451115.0 1364.701000
2451116.0 1364.686000
2451117.0 1364.779000
2451118.0 1364.885000
2451119.0 1365.003000
2451120.0 1364.848000
2451121.0 1364.831000
2451122.0 1364.631000
2451123.0 1364.735000
2451124.0 1364.656000
2451125.0 1364.678000
2451126.0 1364.488000
2451127.0 1364.635000
2451128.0 1364.638000
2451129.0 1364.607000
2451130.0 1364.596000
2451131.0 1364.538000
2451132.0 1364.626000
2451133.0 NaN
2451134.0 1364.465000
2451135.0 1364.386000
2451136.0 1364.628000
2451137.0 1364.705000
2451138.0 1364.716000
2451139.0 1364.673000
2451140.0 NaN
2451141.0 1364.584000
2451142.0 1364.680000
2451143.0 1364.751000
2451144.0 1364.851000
2451145.0 1364.808000
2451146.0 1364.853000
2451147.0 1364.781000
2451148.0 1364.673000
2451149.0 1364.749000
2451150.0 1364.828000
2451151.0 1364.953000
2451152.0 1364.928000
2451153.0 1364.789000
2451154.0 1364.741000
2451155.0 1364.553000
2451156.0 1364.506000
2451157.0 1364.634000
2451158.0 1364.919000
2451159.0 1364.952000
2451160.0 1364.689000
2451161.0 1364.513000
2451162.0 1364.398000
2451163.0 1364.590000
2451164.0 1364.778000
2451165.0 1365.072000
2451166.0 1365.139000
2451167.0 1365.079000
2451168.0 1364.982000
2451169.0 1365.062000
2451170.0 1365.093000
2451171.0 1365.299000
2451172.0 NaN
2451173.0 NaN
2451174.0 NaN
2451175.0 NaN
2451176.0 NaN
2451177.0 NaN
2451178.0 1364.838000
2451179.0 1364.905000
2451180.0 1364.940000
2451181.0 1365.096000
2451182.0 1365.180000
2451183.0 1365.197000
2451184.0 1365.031000
2451185.0 1365.119000
2451186.0 1365.138000
2451187.0 1365.048000
2451188.0 1364.892000
2451189.0 NaN
2451190.0 1364.866000
2451191.0 1364.837000
2451192.0 1364.941000
2451193.0 1364.810000
2451194.0 1364.763000
2451195.0 1364.617000
2451196.0 1364.436000
2451197.0 1364.450000
2451198.0 1364.441000
2451199.0 1364.608000
2451200.0 1364.954000
2451201.0 1365.275000
2451202.0 1365.316000
2451203.0 1364.914000
2451204.0 1365.451000
2451205.0 1365.429000
2451206.0 1365.376000
2451207.0 1365.350000
2451208.0 1365.270000
2451209.0 1365.116000
2451210.0 1365.027000
2451211.0 1364.942000
2451212.0 1364.849000
2451213.0 1364.789000
2451214.0 1364.560000
2451215.0 1364.700000
2451216.0 1364.650000
2451217.0 1364.736000
2451218.0 NaN
2451219.0 NaN
2451220.0 NaN
2451221.0 NaN
2451222.0 1363.967000
2451223.0 1363.699000
2451224.0 1363.481000
2451225.0 1363.672000
2451226.0 1364.068000
2451227.0 1364.548000
2451228.0 1364.961000
2451229.0 1365.154000
2451230.0 1365.261000
2451231.0 1365.386000
2451232.0 1365.347000
2451233.0 1365.305000
2451234.0 1365.134000
2451235.0 1365.242000
2451236.0 1365.073000
2451237.0 NaN
2451238.0 NaN
2451239.0 NaN
2451240.0 NaN
2451241.0 NaN
2451242.0 NaN
2451243.0 1364.762000
2451244.0 1364.837000
2451245.0 1364.877000
2451246.0 1364.949000
2451247.0 1365.028000
2451248.0 1365.078000
2451249.0 1365.032000
2451250.0 1365.013000
2451251.0 1364.782000
2451252.0 1364.525000
2451253.0 1364.684000
2451254.0 1364.873000
2451255.0 1365.079000
2451256.0 1365.152000
2451257.0 1365.352000
2451258.0 1365.304000
2451259.0 1365.188000
2451260.0 1365.224000
2451261.0 1365.125000
2451262.0 1365.092000
2451263.0 1364.971000
2451264.0 1364.988000
2451265.0 1364.972000
2451266.0 1364.873000
2451267.0 1364.901000
2451268.0 1364.892000
2451269.0 1364.895000
2451270.0 1364.856000
2451271.0 1364.798000
2451272.0 1364.788000
2451273.0 NaN
2451274.0 NaN
2451275.0 NaN
2451276.0 NaN
2451277.0 NaN
2451278.0 NaN
2451279.0 NaN
2451280.0 1365.319000
2451281.0 1364.965000
2451282.0 1365.323000
2451283.0 1365.357000
2451284.0 1365.240000
2451285.0 1365.105000
2451286.0 1365.022000
2451287.0 1365.025000
2451288.0 1364.850000
2451289.0 1364.607000
2451290.0 1364.573000
2451291.0 1364.513000
2451292.0 1364.527000
2451293.0 1364.677000
2451294.0 1364.609000
2451295.0 1364.558000
2451296.0 1364.547000
2451297.0 1364.506000
2451298.0 1364.580000
2451299.0 NaN
2451300.0 1365.091000
2451301.0 1365.116000
2451302.0 1365.257000
2451303.0 1365.292000
2451304.0 1365.277000
2451305.0 1365.421000
2451306.0 1365.387000
2451307.0 1365.471000
2451308.0 1365.414000
2451309.0 1365.274000
2451310.0 NaN
2451311.0 NaN
2451312.0 NaN
2451313.0 1365.068000
2451314.0 1365.030000
2451315.0 1364.937000
2451316.0 1364.799000
2451317.0 1364.574000
2451318.0 1364.435000
2451319.0 1364.361000
2451320.0 1364.341000
2451321.0 1364.447000
2451322.0 1364.608000
2451323.0 1364.731000
2451324.0 1364.858000
2451325.0 1364.908000
2451326.0 1364.982000
2451327.0 1365.000000
2451328.0 1365.101000
2451329.0 1364.982000
2451330.0 1364.730000
2451331.0 1364.383000
2451332.0 1364.544000
2451333.0 1364.676000
2451334.0 1364.997000
2451335.0 1365.277000
2451336.0 1365.326000
2451337.0 1365.346000
2451338.0 1365.214000
2451339.0 1364.939000
2451340.0 1364.806000
2451341.0 1364.787000
2451342.0 1364.761000
2451343.0 1364.662000
2451344.0 1364.726000
2451345.0 1364.764000
2451346.0 1364.801000
2451347.0 1364.834000
2451348.0 1364.925000
2451349.0 NaN
2451350.0 1365.140000
2451351.0 1365.151000
2451352.0 1365.240000
2451353.0 NaN
2451354.0 NaN
2451355.0 NaN
2451356.0 NaN
2451357.0 NaN
2451358.0 NaN
2451359.0 NaN
2451360.0 1365.200000
2451361.0 1365.174000
2451362.0 1365.183000
2451363.0 1365.184000
2451364.0 1365.336000
2451365.0 1365.060000
2451366.0 1364.879000
2451367.0 1364.792000
2451368.0 1364.897000
2451369.0 1365.117000
2451370.0 1365.138000
2451371.0 1365.251000
2451372.0 1365.254000
2451373.0 1365.123000
2451374.0 1365.103000
2451375.0 1364.983000
2451376.0 1365.010000
2451377.0 1365.215000
2451378.0 1365.331000
2451379.0 1365.261000
2451380.0 1365.143000
2451381.0 1364.955000
2451382.0 NaN
2451383.0 NaN
2451384.0 NaN
2451385.0 NaN
2451386.0 1364.829000
2451387.0 1365.092000
2451388.0 1365.186000
2451389.0 1365.023000
2451390.0 1364.685000
2451391.0 1364.568000
2451392.0 1364.190000
2451393.0 1364.002000
2451394.0 1364.421000
2451395.0 1364.781000
2451396.0 1365.131000
2451397.0 1365.365000
2451398.0 1365.476000
2451399.0 1365.486000
2451400.0 1365.317000
2451401.0 1365.207000
2451402.0 1365.107000
2451403.0 1365.242000
2451404.0 1365.381000
2451405.0 1365.431000
2451406.0 1365.301000
2451407.0 1365.171000
2451408.0 1365.020000
2451409.0 1364.930000
2451410.0 1364.879000
2451411.0 1365.043000
2451412.0 1365.222000
2451413.0 1365.266000
2451414.0 1365.209000
2451415.0 1365.246000
2451416.0 1365.332000
2451417.0 1365.069000
2451418.0 1364.959000
2451419.0 1364.916000
2451420.0 1364.994000
2451421.0 1365.215000
2451422.0 NaN
2451423.0 1364.094000
2451424.0 1365.511000
2451425.0 1365.206000
2451426.0 1365.371000
2451427.0 1365.398000
2451428.0 1365.161000
2451429.0 1365.145000
2451430.0 1365.103000
2451431.0 1365.070000
2451432.0 1365.031000
2451433.0 1364.893000
2451434.0 1364.689000
2451435.0 1364.450000
2451436.0 1364.241000
2451437.0 1364.396000
2451438.0 1364.756000
2451439.0 1365.117000
2451440.0 1365.403000
2451441.0 1365.409000
2451442.0 1365.412000
2451443.0 1365.408000
2451444.0 1365.351000
2451445.0 1365.366000
2451446.0 1365.512000
2451447.0 1365.331000
2451448.0 1365.474000
2451449.0 1365.501000
2451450.0 1365.413000
2451451.0 1365.490000
2451452.0 1365.407000
2451453.0 1365.433000
2451454.0 1365.348000
2451455.0 1365.421000
2451456.0 1365.265000
2451457.0 1365.020000
2451458.0 1364.963000
2451459.0 1365.120000
2451460.0 1365.277000
2451461.0 1365.360000
2451462.0 1365.317000
2451463.0 1365.265000
2451464.0 1364.951000
2451465.0 1364.655000
2451466.0 1364.239000
2451467.0 1363.975000
2451468.0 1363.988000
2451469.0 1364.168000
2451470.0 1364.509000
2451471.0 1364.902000
2451472.0 1365.292000
2451473.0 1364.936000
2451474.0 NaN
2451475.0 1364.493000
2451476.0 1364.308000
2451477.0 1364.059000
2451478.0 1363.834000
2451479.0 1364.032000
2451480.0 NaN
2451481.0 1364.156000
2451482.0 1364.327000
2451483.0 1364.692000
2451484.0 NaN
2451485.0 1364.717000
2451486.0 1364.836000
2451487.0 1364.872000
2451488.0 1364.799000
2451489.0 1365.113000
2451490.0 1365.748000
2451491.0 NaN
2451492.0 1364.110000
2451493.0 1363.687000
2451494.0 1363.756000
2451495.0 1364.034000
2451496.0 1364.277000
2451497.0 1364.107000
2451498.0 1363.828000
2451499.0 1363.544000
2451500.0 1363.588000
2451501.0 1363.800000
2451502.0 1364.142000
2451503.0 1364.500000
2451504.0 1364.837000
2451505.0 1364.889000
2451506.0 1364.682000
2451507.0 1364.703000
2451508.0 1364.626000
2451509.0 1364.841000
2451510.0 1364.977000
2451511.0 NaN
2451512.0 1364.687000
2451513.0 1364.648000
2451514.0 NaN
2451515.0 1364.836000
2451516.0 1364.885000
2451517.0 1364.912000
2451518.0 1364.784000
2451519.0 1364.750000
2451520.0 1364.550000
2451521.0 NaN
2451522.0 1364.748000
2451523.0 1364.946000
2451524.0 1365.193000
2451525.0 1365.053000
2451526.0 1365.409000
2451527.0 1365.723000
2451528.0 1365.703000
2451529.0 1365.367000
2451530.0 1365.081000
2451531.0 1365.022000
2451532.0 1364.965000
2451533.0 1364.305000
2451534.0 1363.818000
2451535.0 1363.690000
2451536.0 1363.996000
2451537.0 1364.198000
2451538.0 1364.352000
2451539.0 NaN
2451540.0 1364.846000
2451541.0 1365.027000
2451542.0 1364.880000
2451543.0 1364.540000
2451544.0 1364.929000
2451545.0 1364.711000
2451546.0 1364.298000
2451547.0 1365.130000
2451548.0 1365.454000
2451549.0 1365.073000
2451550.0 1364.884000
2451551.0 1365.376000
2451552.0 1365.316000
2451553.0 1365.421000
2451554.0 1365.213000
2451555.0 1365.251000
2451556.0 1364.987000
2451557.0 1365.005000
2451558.0 1365.193000
2451559.0 1365.076000
2451560.0 1365.029000
2451561.0 1364.858000
2451562.0 1364.980000
2451563.0 1365.105000
2451564.0 1364.921000
2451565.0 1364.994000
2451566.0 1365.146000
2451567.0 1365.159000
2451568.0 1364.883000
2451569.0 1364.926000
2451570.0 1364.798000
2451571.0 1365.028000
2451572.0 1365.086000
2451573.0 1364.897000
2451574.0 1364.830000
2451575.0 1364.808000
2451576.0 1365.276000
2451577.0 1365.382000
2451578.0 NaN
2451579.0 NaN
2451580.0 NaN
2451581.0 NaN
2451582.0 1365.030000
2451583.0 1365.703000
2451584.0 1365.567000
2451585.0 1365.456000
2451586.0 1365.656000
2451587.0 1365.180000
2451588.0 1365.571000
2451589.0 1365.470000
2451590.0 1365.741000
2451591.0 1365.097000
2451592.0 1365.575000
2451593.0 NaN
2451594.0 1365.174000
2451595.0 1364.974000
2451596.0 1365.020000
2451597.0 1364.846000
2451598.0 1364.917000
2451599.0 1364.540000
2451600.0 1364.185000
2451601.0 1364.071000
2451602.0 1363.933000
2451603.0 1364.039000
2451604.0 1363.298000
2451605.0 1363.552000
2451606.0 1364.329000
2451607.0 1364.620000
2451608.0 1365.249000
2451609.0 1364.767000
2451610.0 1364.966000
2451611.0 1364.711000
2451612.0 1364.793000
2451613.0 1364.689000
2451614.0 1364.835000
2451615.0 1364.291000
2451616.0 1364.671000
2451617.0 1364.609000
2451618.0 1364.636000
2451619.0 1364.758000
2451620.0 1365.154000
2451621.0 1364.774000
2451622.0 1365.048000
2451623.0 1364.039000
2451624.0 1364.604000
2451625.0 1364.553000
2451626.0 NaN
2451627.0 1364.750000
2451628.0 1364.737000
2451629.0 1365.194000
2451630.0 1364.988000
2451631.0 1365.241000
2451632.0 1365.183000
2451633.0 1365.158000
2451634.0 1365.355000
2451635.0 1365.217000
2451636.0 1365.405000
2451637.0 1365.496000
2451638.0 1365.165000
2451639.0 1365.003000
2451640.0 1365.246000
2451641.0 1365.453000
2451642.0 1365.330000
2451643.0 1365.469000
2451644.0 1365.443000
2451645.0 1365.198000
2451646.0 1365.510000
2451647.0 1365.457000
2451648.0 1365.338000
2451649.0 1365.056000
2451650.0 1365.180000
2451651.0 1365.188000
2451652.0 1365.272000
2451653.0 1365.047000
2451654.0 1365.195000
2451655.0 1365.390000
2451656.0 1365.017000
2451657.0 1364.801000
2451658.0 1364.084000
2451659.0 1363.274000
2451660.0 1363.295000
2451661.0 1364.100000
2451662.0 1364.220000
2451663.0 1364.264000
2451664.0 1364.417000
2451665.0 1364.779000
2451667.0 1365.316000
2451667.0 1365.290000
2451668.0 1365.515000
2451669.0 1365.756000
2451670.0 1365.650000
2451671.0 1365.261000
2451672.0 1365.497000
2451673.0 1365.709000
2451674.0 1365.591000
2451674.0 1365.374000
2451676.0 1364.865000
2451677.0 1364.912000
2451678.0 1364.745000
2451679.0 1364.706000
2451680.0 1364.589000
2451681.0 1364.354000
2451682.0 1363.968000
2451683.0 1363.753000
2451684.0 1363.575000
2451685.0 1363.258000
2451686.0 1364.149000
2451687.0 1364.421000
2451688.0 1365.106000
2451689.0 1365.211000
2451690.0 1365.270000
2451691.0 1365.572000
2451692.0 1365.335000
2451693.0 1365.110000
2451694.0 1364.752000
2451695.0 1364.333000
2451696.0 1364.522000
2451697.0 1364.899000
2451698.0 1365.163000
2451699.0 1365.151000
2451700.0 1364.970000
2451701.0 1365.172000
2451702.0 1364.887000
2451703.0 NaN
2451704.0 NaN
2451705.0 1365.054000
2451706.0 1365.087000
2451707.0 1364.829000
2451708.0 1365.127000
2451709.0 1364.812000
2451710.0 1365.196000
2451711.0 1365.207000
2451712.0 1365.372000
2451713.0 1365.233000
2451714.0 1365.139000
2451715.0 1364.693000
2451717.0 1364.899000
2451717.0 1365.154000
2451718.0 1365.588000
2451720.0 1364.949000
2451719.0 1365.259000
2451721.0 1364.966000
2451722.0 1364.509000
2451723.0 1364.664000
2451724.0 1364.529000
2451725.0 1364.283000
2451726.0 1364.611000
2451727.0 1365.012000
2451728.0 1365.198000
2451729.0 NaN
2451730.0 NaN
2451731.0 NaN
2451732.0 1364.776000
2451733.0 1364.966000
2451734.0 1364.981000
2451735.0 1364.729000
2451736.0 1364.507000
2451737.0 1364.448000
2451738.0 1364.252000
2451739.0 1364.367000
2451740.0 1365.349000
2451741.0 1365.432000
2451742.0 1364.775000
2451743.0 1365.440000
2451744.0 1365.136000
2451745.0 1364.881000
2451746.0 1364.559000
2451747.0 1364.601000
2451748.0 1364.525000
2451749.0 1364.635000
2451750.0 1364.639000
2451751.0 1364.818000
2451752.0 1365.081000
2451753.0 1365.351000
2451754.0 1365.397000
2451755.0 1365.281000
2451756.0 1365.532000
2451757.0 1365.976000
2451758.0 1365.691000
2451759.0 1365.708000
2451760.0 1365.577000
2451761.0 1366.089000
2451762.0 1365.676000
2451763.0 1365.721000
2451764.0 1365.683000
2451765.0 1364.894000
2451766.0 1365.243000
2451767.0 1365.363000
2451768.0 1365.473000
2451769.0 1366.196000
2451770.0 1366.089000
2451771.0 NaN
2451772.0 NaN
2451773.0 1365.474000
2451774.0 1365.348000
2451775.0 1365.372000
2451776.0 1365.620000
2451777.0 1365.679000
2451778.0 1365.403000
2451779.0 1365.497000
2451780.0 1365.388000
2451781.0 1365.266000
2451782.0 1365.170000
2451783.0 1365.330000
2451784.0 1365.231000
2451785.0 1364.791000
2451786.0 1365.159000
2451787.0 1365.465000
2451788.0 1365.462000
2451789.0 1365.628000
2451790.0 1365.084000
