ACRIM1/SMM PMOD CORRECTED
Version: ftp.pmodwrc.ch/pub/data/irradiance/acrim/AdditionalFiles accessed 22/07/07
Created: 04-Nov-2022
JD        Value 
2444286.0 1367.988000
2444287.0 1368.041000
2444288.0 1368.142000
2444289.0 NaN
2444290.0 1368.179000
2444291.0 1368.315000
2444292.0 1368.196000
2444293.0 1368.081000
2444294.0 1367.816000
2444295.0 1367.764000
2444296.0 1368.057000
2444297.0 1368.242000
2444298.0 1368.519000
2444299.0 1368.688000
2444300.0 1368.685000
2444301.0 1368.441000
2444302.0 1368.467000
2444303.0 1368.467000
2444304.0 1368.437000
2444305.0 1368.238000
2444306.0 1368.233000
2444307.0 1368.201000
2444308.0 1368.025000
2444309.0 1368.241000
2444310.0 1368.191000
2444311.0 1368.385000
2444312.0 1368.327000
2444313.0 1368.394000
2444314.0 1368.222000
2444315.0 1368.338000
2444316.0 1368.402000
2444317.0 1368.459000
2444318.0 1368.441000
2444319.0 1368.394000
2444320.0 1368.183000
2444321.0 1368.250000
2444322.0 1368.264000
2444323.0 1368.222000
2444324.0 1368.576000
2444325.0 1368.625000
2444326.0 1368.641000
2444327.0 1368.570000
2444328.0 1368.433000
2444329.0 1368.125000
2444330.0 1367.956000
2444331.0 1368.137000
2444332.0 1368.199000
2444333.0 1368.249000
2444334.0 1368.136000
2444335.0 1367.699000
2444336.0 1366.921000
2444337.0 1366.189000
2444338.0 1365.856000
2444339.0 1366.053000
2444340.0 1366.362000
2444341.0 NaN
2444342.0 1366.712000
2444343.0 1367.048000
2444344.0 1367.263000
2444345.0 1367.678000
2444346.0 1368.049000
2444347.0 1368.495000
2444348.0 1368.700000
2444349.0 1368.829000
2444350.0 1368.747000
2444351.0 1368.360000
2444352.0 1367.961000
2444353.0 1367.864000
2444354.0 1367.845000
2444355.0 1368.029000
2444356.0 1368.164000
2444357.0 1368.245000
2444358.0 1368.312000
2444359.0 1368.194000
2444360.0 1368.116000
2444361.0 1367.845000
2444362.0 1367.844000
2444363.0 1367.283000
2444364.0 1367.432000
2444365.0 1367.772000
2444366.0 1368.011000
2444367.0 1368.282000
2444368.0 1368.472000
2444369.0 1368.631000
2444370.0 1368.509000
2444371.0 NaN
2444372.0 1367.979000
2444373.0 1367.906000
2444374.0 1367.821000
2444375.0 1368.355000
2444376.0 1368.440000
2444377.0 1368.280000
2444378.0 1368.226000
2444379.0 1368.120000
2444380.0 1367.948000
2444381.0 1367.757000
2444382.0 1367.471000
2444383.0 1367.156000
2444384.0 1366.887000
2444385.0 1366.786000
2444386.0 1366.808000
2444387.0 1367.019000
2444388.0 1367.244000
2444389.0 1367.543000
2444390.0 1367.912000
2444391.0 1368.039000
2444392.0 1367.960000
2444393.0 1367.844000
2444394.0 1367.873000
2444395.0 1367.935000
2444396.0 1368.049000
2444397.0 1368.074000
2444398.0 1368.084000
2444399.0 1368.129000
2444400.0 1368.305000
2444401.0 1368.149000
2444402.0 1368.212000
2444403.0 1368.098000
2444404.0 1368.121000
2444405.0 1368.067000
2444406.0 1367.949000
2444407.0 1368.052000
2444408.0 1368.256000
2444409.0 1368.544000
2444410.0 1368.662000
2444411.0 1368.512000
2444412.0 1368.273000
2444413.0 1367.981000
2444414.0 1367.736000
2444415.0 1367.704000
2444416.0 1367.818000
2444417.0 1367.971000
2444418.0 1368.116000
2444419.0 1368.217000
2444420.0 1368.075000
2444421.0 1367.946000
2444422.0 1368.066000
2444423.0 1368.153000
2444424.0 1368.016000
2444425.0 1367.907000
2444426.0 1367.885000
2444427.0 1368.012000
2444428.0 1368.009000
2444429.0 1367.943000
2444430.0 NaN
2444431.0 1367.946000
2444432.0 1367.907000
2444433.0 1367.756000
2444434.0 1367.555000
2444435.0 1367.541000
2444436.0 1367.789000
2444437.0 1367.774000
2444438.0 1367.735000
2444439.0 1367.660000
2444440.0 1367.633000
2444441.0 1367.811000
2444442.0 1367.819000
2444443.0 1367.951000
2444444.0 1368.234000
2444445.0 1368.398000
2444446.0 1368.997000
2444447.0 1369.106000
2444448.0 1368.943000
2444449.0 1368.739000
2444450.0 1368.766000
2444451.0 NaN
2444452.0 1368.204000
2444453.0 1368.122000
2444454.0 1368.086000
2444455.0 1368.233000
2444456.0 1368.300000
2444457.0 1368.289000
2444458.0 1368.203000
2444459.0 1368.168000
2444460.0 1368.113000
2444461.0 1368.172000
2444462.0 1368.231000
2444463.0 1368.286000
2444464.0 1368.482000
2444465.0 1368.443000
2444466.0 1368.500000
2444467.0 1368.771000
2444468.0 1368.678000
2444469.0 1368.391000
2444470.0 1368.255000
2444471.0 1368.230000
2444472.0 1368.038000
2444473.0 1368.110000
2444474.0 1368.278000
2444475.0 1368.212000
2444476.0 1368.055000
2444477.0 1367.994000
2444478.0 1367.919000
2444479.0 1367.910000
2444480.0 1367.775000
2444481.0 1367.763000
2444482.0 1367.356000
2444483.0 1366.839000
2444484.0 1366.693000
2444485.0 NaN
2444486.0 1366.267000
2444487.0 1366.280000
2444488.0 1366.834000
2444489.0 1367.466000
2444490.0 1367.978000
2444491.0 1368.383000
2444492.0 1368.692000
2444493.0 1368.575000
2444494.0 1368.673000
2444495.0 1368.563000
2444496.0 1368.395000
2444497.0 1368.264000
2444498.0 1368.104000
2444499.0 1368.200000
2444500.0 1368.291000
2444501.0 1368.269000
2444502.0 1368.434000
2444503.0 1368.217000
2444504.0 1368.062000
2444505.0 1367.923000
2444506.0 1367.542000
2444507.0 1367.640000
2444508.0 1367.765000
2444509.0 1368.209000
2444510.0 1368.455000
2444511.0 1368.381000
2444512.0 1368.139000
2444513.0 1368.257000
2444514.0 1368.120000
2444515.0 1368.340000
2444516.0 1368.553000
2444517.0 1368.585000
2444518.0 1368.431000
2444519.0 1368.537000
2444520.0 1368.535000
2444521.0 1368.486000
2444522.0 1368.020000
2444523.0 1367.724000
2444524.0 1367.138000
2444525.0 1366.989000
2444526.0 1366.981000
2444527.0 1367.087000
2444528.0 1367.863000
2444529.0 1368.384000
2444530.0 1368.681000
2444531.0 1368.586000
2444532.0 1368.170000
2444533.0 1367.717000
2444534.0 1367.497000
2444535.0 1367.160000
2444536.0 1367.202000
2444537.0 1367.472000
2444538.0 1367.970000
2444539.0 1367.980000
2444540.0 1368.173000
2444541.0 1368.230000
2444542.0 1368.174000
2444543.0 1368.236000
2444544.0 1367.879000
2444545.0 1367.907000
2444546.0 1367.796000
2444547.0 1367.445000
2444548.0 1367.104000
2444549.0 1366.847000
2444550.0 1366.616000
2444551.0 1366.501000
2444552.0 1366.308000
2444553.0 1366.384000
2444554.0 1366.500000
2444555.0 1366.517000
2444556.0 1366.737000
2444557.0 1366.910000
2444558.0 NaN
2444559.0 NaN
2444560.0 NaN
2444561.0 NaN
2444562.0 1367.717000
2444563.0 1367.869000
2444564.0 1367.879000
2444565.0 1368.108000
2444566.0 1368.234000
2444567.0 NaN
2444568.0 NaN
2444569.0 NaN
2444570.0 NaN
2444571.0 NaN
2444572.0 NaN
2444573.0 NaN
2444574.0 NaN
2444575.0 1368.057000
2444576.0 1367.747000
2444577.0 1368.026000
2444578.0 1368.446000
2444579.0 1368.460000
2444580.0 1368.537000
2444581.0 1368.810000
2444582.0 1368.902000
2444583.0 1368.908000
2444584.0 1368.344000
2444585.0 1368.735000
2444586.0 NaN
2444587.0 NaN
2444588.0 NaN
2444589.0 1367.776000
2444590.0 1365.747000
2444591.0 1366.638000
2444592.0 1366.398000
2444593.0 1366.559000
2444594.0 NaN
2444595.0 1366.362000
2444596.0 1365.404000
2444597.0 1366.704000
2444598.0 1367.702000
2444599.0 1368.324000
2444600.0 NaN
2444601.0 1368.159000
2444602.0 1367.794000
2444603.0 1367.712000
2444604.0 1368.203000
2444605.0 1368.324000
2444606.0 1368.624000
2444607.0 1369.059000
2444608.0 1368.296000
2444609.0 1369.237000
2444610.0 1368.340000
2444611.0 1369.312000
2444612.0 1369.625000
2444613.0 NaN
2444614.0 NaN
2444615.0 1369.660000
2444616.0 1369.433000
2444617.0 NaN
2444618.0 NaN
2444619.0 1368.996000
2444620.0 NaN
2444621.0 1368.257000
2444622.0 1369.540000
2444623.0 1369.387000
2444624.0 1369.037000
2444625.0 1368.186000
2444626.0 1368.895000
2444627.0 1369.302000
2444628.0 1369.029000
2444629.0 NaN
2444630.0 1368.442000
2444631.0 1369.006000
2444632.0 1368.696000
2444633.0 1368.950000
2444634.0 1368.992000
2444635.0 1368.499000
2444636.0 NaN
2444637.0 NaN
2444638.0 1367.797000
2444639.0 1367.956000
2444640.0 1368.597000
2444641.0 1368.579000
2444642.0 1366.515000
2444643.0 1368.113000
2444644.0 1367.967000
2444645.0 1368.171000
2444646.0 1367.921000
2444647.0 1368.290000
2444648.0 1368.013000
2444649.0 1368.348000
2444650.0 1367.830000
2444651.0 1368.086000
2444652.0 1367.714000
2444653.0 1368.085000
2444654.0 1367.533000
2444655.0 1368.465000
2444656.0 1368.440000
2444657.0 1368.595000
2444658.0 1367.785000
2444659.0 1367.644000
2444660.0 1368.649000
2444661.0 1367.975000
2444662.0 1367.370000
2444663.0 1367.986000
2444664.0 1367.738000
2444665.0 1367.706000
2444666.0 1368.338000
2444667.0 1368.231000
2444668.0 1368.009000
2444669.0 1368.521000
2444670.0 1368.083000
2444671.0 1367.744000
2444672.0 1367.835000
2444673.0 1368.150000
2444674.0 1368.156000
2444675.0 1368.226000
2444676.0 1368.382000
2444677.0 1368.571000
2444678.0 1368.357000
2444679.0 1367.397000
2444680.0 1368.138000
2444681.0 1368.359000
2444682.0 1368.610000
2444683.0 1368.002000
2444684.0 1368.145000
2444685.0 1367.422000
2444686.0 1367.664000
2444687.0 1368.163000
2444688.0 1368.278000
2444689.0 1367.823000
2444690.0 1368.194000
2444691.0 1368.065000
2444692.0 1367.973000
2444693.0 1368.278000
2444694.0 1368.382000
2444695.0 1368.821000
2444696.0 1368.622000
2444697.0 1368.939000
2444698.0 1369.008000
2444699.0 1368.981000
2444700.0 1368.868000
2444701.0 1368.249000
2444702.0 1368.196000
2444703.0 1368.044000
2444704.0 1368.030000
2444705.0 1367.354000
2444706.0 1367.669000
2444707.0 1366.838000
2444708.0 1366.885000
2444709.0 1367.435000
2444710.0 1367.981000
2444711.0 1368.293000
2444712.0 1367.431000
2444713.0 1367.555000
2444714.0 1368.215000
2444715.0 1368.184000
2444716.0 1368.305000
2444717.0 1368.259000
2444718.0 1367.687000
2444719.0 1367.998000
2444720.0 1368.482000
2444721.0 1368.819000
2444722.0 1368.604000
2444723.0 1368.445000
2444724.0 1368.458000
2444725.0 1368.687000
2444726.0 1368.385000
2444727.0 1369.167000
2444728.0 1368.717000
2444729.0 1368.145000
2444730.0 1368.068000
2444731.0 1367.530000
2444732.0 1368.081000
2444733.0 1368.021000
2444734.0 1368.275000
2444735.0 1368.173000
2444736.0 1367.591000
2444737.0 NaN
2444738.0 1368.046000
2444739.0 1368.604000
2444740.0 1367.702000
2444741.0 NaN
2444742.0 NaN
2444743.0 1368.021000
2444744.0 NaN
2444745.0 1367.204000
2444746.0 NaN
2444747.0 1368.258000
2444748.0 1368.042000
2444749.0 NaN
2444750.0 1368.951000
2444751.0 1368.378000
2444752.0 1368.087000
2444753.0 1368.128000
2444754.0 1368.500000
2444755.0 1368.606000
2444756.0 1367.844000
2444757.0 1368.201000
2444758.0 1367.301000
2444759.0 1368.164000
2444760.0 1368.839000
2444761.0 1368.300000
2444762.0 NaN
2444763.0 1368.382000
2444764.0 1368.251000
2444765.0 1368.594000
2444766.0 1368.055000
2444767.0 1368.133000
2444768.0 1367.978000
2444769.0 1368.162000
2444770.0 1367.945000
2444771.0 1367.708000
2444772.0 1367.685000
2444773.0 1367.607000
2444774.0 1367.960000
2444775.0 1368.300000
2444776.0 1368.501000
2444777.0 1368.122000
2444778.0 1368.205000
2444779.0 1368.012000
2444780.0 1367.674000
2444781.0 1367.649000
2444782.0 1368.056000
2444783.0 1367.389000
2444784.0 1367.522000
2444785.0 1367.608000
2444786.0 1367.595000
2444787.0 1367.205000
2444788.0 1366.868000
2444789.0 1367.768000
2444790.0 1367.992000
2444791.0 1368.541000
2444792.0 1368.480000
2444793.0 1368.072000
2444794.0 1367.954000
2444795.0 1368.170000
2444796.0 1368.286000
2444797.0 1367.860000
2444798.0 1368.242000
2444799.0 1367.830000
2444800.0 1367.848000
2444801.0 1367.952000
2444802.0 1367.493000
2444803.0 1367.844000
2444804.0 1366.247000
2444805.0 1367.517000
2444806.0 1367.096000
2444807.0 1367.206000
2444808.0 1366.140000
2444809.0 1365.439000
2444810.0 1365.212000
2444811.0 1365.032000
2444812.0 1365.275000
2444813.0 NaN
2444814.0 NaN
2444815.0 NaN
2444816.0 NaN
2444817.0 NaN
2444818.0 1367.448000
2444819.0 1367.648000
2444820.0 1367.582000
2444821.0 1367.250000
2444822.0 1367.299000
2444823.0 1367.210000
2444824.0 1367.034000
2444825.0 1366.816000
2444826.0 1366.844000
2444827.0 1367.214000
2444828.0 1367.161000
2444829.0 1368.002000
2444830.0 1368.525000
2444831.0 1368.620000
2444832.0 1367.999000
2444833.0 1367.839000
2444834.0 1367.562000
2444835.0 1367.703000
2444836.0 1367.006000
2444837.0 1367.429000
2444838.0 1368.082000
2444839.0 1367.881000
2444840.0 1367.567000
2444841.0 1367.579000
2444842.0 1367.650000
2444843.0 1367.307000
2444844.0 1367.429000
2444845.0 1368.071000
2444846.0 1368.080000
2444847.0 1368.371000
2444848.0 1368.246000
2444849.0 1368.582000
2444850.0 1368.478000
2444851.0 1368.353000
2444852.0 1367.981000
2444853.0 1367.795000
2444854.0 1367.110000
2444855.0 1367.228000
2444856.0 1365.496000
2444857.0 1367.582000
2444858.0 1368.020000
2444859.0 NaN
2444860.0 1367.525000
2444861.0 NaN
2444862.0 1368.141000
2444863.0 1368.406000
2444864.0 1368.121000
2444865.0 1368.275000
2444866.0 1367.708000
2444867.0 1367.711000
2444868.0 1368.286000
2444869.0 1368.557000
2444870.0 1368.124000
2444871.0 1368.107000
2444872.0 1368.694000
2444873.0 1368.802000
2444874.0 1368.668000
2444875.0 1369.081000
2444876.0 1368.320000
2444877.0 1368.041000
2444878.0 1368.266000
2444879.0 1368.618000
2444880.0 1368.506000
2444881.0 1368.768000
2444882.0 1368.469000
2444883.0 1368.531000
2444884.0 1367.071000
2444885.0 1367.949000
2444886.0 1368.351000
2444887.0 1368.139000
2444888.0 1368.159000
2444889.0 1367.550000
2444890.0 1367.099000
2444891.0 1366.646000
2444892.0 1366.192000
2444893.0 1366.280000
2444894.0 1366.174000
2444895.0 1366.148000
2444896.0 1366.468000
2444897.0 1366.809000
2444898.0 1367.303000
2444899.0 1367.949000
2444900.0 1368.618000
2444901.0 1368.665000
2444902.0 1368.553000
2444903.0 1368.636000
2444904.0 1368.918000
2444905.0 1368.796000
2444906.0 1369.072000
2444907.0 1368.804000
2444908.0 1368.748000
2444909.0 1368.529000
2444910.0 1367.815000
2444911.0 1367.509000
2444912.0 1367.310000
2444913.0 1367.167000
2444914.0 1367.754000
2444915.0 1368.188000
2444916.0 1368.247000
2444917.0 1368.468000
2444918.0 1368.587000
2444919.0 1367.599000
2444920.0 1368.143000
2444921.0 1367.835000
2444922.0 1367.436000
2444923.0 1368.124000
2444924.0 1368.380000
2444925.0 1368.623000
2444926.0 1368.784000
2444927.0 1368.122000
2444928.0 1368.133000
2444929.0 1368.314000
2444930.0 1368.421000
2444931.0 1368.238000
2444932.0 1368.814000
2444933.0 1369.253000
2444934.0 1368.018000
2444935.0 1368.366000
2444936.0 1368.579000
2444937.0 1368.568000
2444938.0 1367.925000
2444939.0 1368.147000
2444940.0 1368.609000
2444941.0 1368.602000
2444942.0 1368.857000
2444943.0 NaN
2444944.0 NaN
2444945.0 1368.550000
2444946.0 1367.476000
2444947.0 1367.246000
2444948.0 1366.498000
2444949.0 1366.849000
2444950.0 1367.563000
2444951.0 1367.846000
2444952.0 1368.239000
2444953.0 1368.480000
2444954.0 1368.393000
2444955.0 1368.358000
2444956.0 1368.002000
2444957.0 1368.423000
2444958.0 1368.344000
2444959.0 1368.223000
2444960.0 1368.215000
2444961.0 1368.600000
2444962.0 1368.227000
2444963.0 1367.957000
2444964.0 1368.114000
2444965.0 1368.046000
2444966.0 1368.106000
2444967.0 1368.410000
2444968.0 NaN
2444969.0 NaN
2444970.0 NaN
2444971.0 1368.816000
2444972.0 1368.530000
2444973.0 1368.521000
2444974.0 1368.789000
2444975.0 1368.521000
2444976.0 1368.705000
2444977.0 1368.709000
2444978.0 1368.275000
2444979.0 1368.660000
2444980.0 1368.143000
2444981.0 1368.611000
2444982.0 1368.700000
2444983.0 1368.055000
2444984.0 1368.356000
2444985.0 1367.859000
2444986.0 1367.906000
2444987.0 1368.148000
2444988.0 1368.177000
2444989.0 1368.523000
2444990.0 1368.774000
2444991.0 1368.748000
2444992.0 1368.673000
2444993.0 1368.948000
2444994.0 1368.571000
2444995.0 1368.850000
2444996.0 1368.798000
2444997.0 1368.852000
2444998.0 1368.346000
2444999.0 1366.987000
2445000.0 1366.730000
2445001.0 1365.785000
2445002.0 1366.794000
2445003.0 1366.988000
2445004.0 1367.582000
2445005.0 1367.575000
2445006.0 1368.002000
2445007.0 1367.543000
2445008.0 1366.994000
2445009.0 1366.178000
2445010.0 1366.409000
2445011.0 1365.609000
2445012.0 1365.941000
2445013.0 1366.604000
2445014.0 1366.877000
2445015.0 1367.172000
2445016.0 1367.417000
2445017.0 1367.255000
2445018.0 1366.635000
2445019.0 1367.334000
2445020.0 1366.917000
2445021.0 1367.560000
2445022.0 1367.728000
2445023.0 1367.948000
2445024.0 1368.283000
2445025.0 1368.342000
2445026.0 1368.411000
2445027.0 1368.526000
2445028.0 1368.228000
2445029.0 1367.705000
2445030.0 1367.153000
2445031.0 1366.808000
2445032.0 1367.742000
2445033.0 1367.771000
2445034.0 1367.645000
2445035.0 1368.146000
2445036.0 1368.291000
2445037.0 1368.412000
2445038.0 1368.286000
2445039.0 1368.309000
2445040.0 1368.096000
2445041.0 1367.997000
2445042.0 1367.952000
2445043.0 1367.772000
2445044.0 1365.475000
2445045.0 1364.543000
2445046.0 1365.046000
2445047.0 1364.910000
2445048.0 1366.002000
2445049.0 1366.768000
2445050.0 1367.172000
2445051.0 1367.516000
2445052.0 1367.369000
2445053.0 1366.882000
2445054.0 1367.040000
2445055.0 1366.926000
2445056.0 1366.855000
2445057.0 1366.819000
2445058.0 1367.474000
2445059.0 1367.640000
2445060.0 1367.616000
2445061.0 1368.362000
2445062.0 1368.444000
2445063.0 1368.648000
2445064.0 1368.334000
2445065.0 1368.118000
2445066.0 1368.102000
2445067.0 1368.306000
2445068.0 1368.565000
2445069.0 1368.104000
2445070.0 1367.898000
2445071.0 1367.548000
2445072.0 1367.539000
2445073.0 1367.461000
2445074.0 1367.352000
2445075.0 1367.938000
2445076.0 1367.884000
2445077.0 1367.821000
2445078.0 1368.090000
2445079.0 1367.630000
2445080.0 1367.552000
2445081.0 1367.771000
2445082.0 1368.038000
2445083.0 1367.323000
2445084.0 1367.303000
2445085.0 1367.221000
2445086.0 1367.568000
2445087.0 1367.975000
2445088.0 1368.762000
2445089.0 1368.625000
2445090.0 1368.214000
2445091.0 1367.973000
2445092.0 1368.042000
2445093.0 1367.850000
2445094.0 1367.882000
2445095.0 1367.607000
2445096.0 1367.624000
2445097.0 1367.447000
2445098.0 1367.577000
2445099.0 1367.963000
2445100.0 1367.391000
2445101.0 1368.115000
2445102.0 1368.243000
2445103.0 1368.069000
2445104.0 1367.720000
2445105.0 1367.641000
2445106.0 1367.621000
2445107.0 1367.547000
2445108.0 1367.503000
2445109.0 1367.772000
2445110.0 1367.879000
2445111.0 1367.783000
2445112.0 1367.691000
2445113.0 1368.264000
2445114.0 1368.157000
2445115.0 1368.484000
2445116.0 1368.002000
2445117.0 1368.033000
2445118.0 1368.069000
2445119.0 1367.682000
2445120.0 1368.009000
2445121.0 1367.810000
2445122.0 1368.457000
2445123.0 1368.062000
2445124.0 1367.668000
2445125.0 1368.061000
2445126.0 1367.691000
2445127.0 1366.785000
2445128.0 1366.680000
2445129.0 1366.162000
2445130.0 1366.679000
2445131.0 1366.762000
2445132.0 1367.084000
2445133.0 1367.236000
2445134.0 1366.808000
2445135.0 1366.521000
2445136.0 1366.283000
2445137.0 1366.326000
2445138.0 1365.602000
2445139.0 1365.534000
2445140.0 1366.328000
2445141.0 1365.987000
2445142.0 1366.611000
2445143.0 1366.821000
2445144.0 1367.361000
2445145.0 1367.449000
2445146.0 1367.724000
2445147.0 1368.228000
2445148.0 1369.126000
2445149.0 1367.715000
2445150.0 1367.356000
2445151.0 1367.975000
2445152.0 1367.835000
2445153.0 1368.272000
2445154.0 1368.884000
2445155.0 1368.306000
2445156.0 1367.907000
2445157.0 1368.290000
2445158.0 1368.359000
2445159.0 1367.276000
2445160.0 1367.964000
2445161.0 1367.690000
2445162.0 1367.264000
2445163.0 1366.874000
2445164.0 1366.669000
2445165.0 1366.147000
2445166.0 1366.480000
2445167.0 1366.100000
2445168.0 1366.465000
2445169.0 1367.352000
2445170.0 1368.402000
2445171.0 1368.867000
2445172.0 1368.449000
2445173.0 1368.652000
2445174.0 1368.400000
2445175.0 1367.919000
2445176.0 1367.831000
2445177.0 1367.848000
2445178.0 1367.933000
2445179.0 1367.518000
2445180.0 1367.652000
2445181.0 1367.649000
2445182.0 1368.017000
2445183.0 1368.420000
2445184.0 1368.016000
2445185.0 1367.829000
2445186.0 1367.608000
2445187.0 1367.314000
2445188.0 1367.519000
2445189.0 1367.319000
2445190.0 1367.151000
2445191.0 1367.523000
2445192.0 1367.521000
2445193.0 1367.912000
2445194.0 1368.182000
2445195.0 1368.209000
2445196.0 1368.175000
2445197.0 1367.684000
2445198.0 1367.502000
2445199.0 1368.206000
2445200.0 1367.236000
2445201.0 1367.522000
2445202.0 1366.962000
2445203.0 1367.512000
2445204.0 1366.995000
2445205.0 1367.175000
2445206.0 1367.076000
2445207.0 1366.924000
2445208.0 1366.711000
2445209.0 1367.022000
2445210.0 1367.343000
2445211.0 1367.436000
2445212.0 1367.883000
2445213.0 1368.013000
2445214.0 1368.327000
2445215.0 1368.117000
2445216.0 1367.873000
2445217.0 1368.039000
2445218.0 1368.013000
2445219.0 1368.589000
2445220.0 1368.478000
2445221.0 1368.415000
2445222.0 1368.445000
2445223.0 NaN
2445224.0 1368.395000
2445225.0 1368.100000
2445226.0 1368.176000
2445227.0 1367.818000
2445228.0 NaN
2445229.0 1367.443000
2445230.0 1367.851000
2445231.0 1367.121000
2445232.0 1367.761000
2445233.0 1367.012000
2445234.0 1367.998000
2445235.0 1367.977000
2445236.0 1368.460000
2445237.0 1367.638000
2445238.0 1367.902000
2445239.0 1368.391000
2445240.0 1367.753000
2445241.0 1367.292000
2445242.0 1367.369000
2445243.0 1367.535000
2445244.0 1367.438000
2445245.0 1367.780000
2445246.0 1368.313000
2445247.0 1368.838000
2445248.0 1368.919000
2445249.0 1368.588000
2445250.0 1368.459000
2445251.0 1368.213000
2445252.0 1368.065000
2445253.0 1368.217000
2445254.0 1368.213000
2445255.0 1368.153000
2445256.0 1367.703000
2445257.0 1367.737000
2445258.0 1367.730000
2445259.0 1367.589000
2445260.0 1367.814000
2445261.0 1367.721000
2445262.0 1367.665000
2445263.0 1368.123000
2445264.0 1368.050000
2445265.0 1368.041000
2445266.0 1368.551000
2445267.0 1367.925000
2445268.0 1367.983000
2445269.0 1368.021000
2445270.0 1367.914000
2445271.0 1368.719000
2445272.0 1368.635000
2445273.0 1368.548000
2445274.0 1368.043000
2445275.0 1368.817000
2445276.0 1369.350000
2445277.0 1368.439000
2445278.0 1368.846000
2445279.0 1368.468000
2445280.0 1367.769000
2445281.0 1368.394000
2445282.0 1368.533000
2445283.0 1368.237000
2445284.0 1368.379000
2445285.0 1367.744000
2445286.0 1367.342000
2445287.0 1366.984000
2445288.0 NaN
2445289.0 NaN
2445290.0 1367.734000
2445291.0 1367.499000
2445292.0 1368.073000
2445293.0 1367.469000
2445294.0 1367.719000
2445295.0 1368.488000
2445296.0 1367.048000
2445297.0 1367.075000
2445298.0 1367.344000
2445299.0 1368.075000
2445300.0 1368.157000
2445301.0 1368.341000
2445302.0 1368.011000
2445303.0 1367.624000
2445304.0 1367.121000
2445305.0 1367.818000
2445306.0 1367.376000
2445307.0 1367.352000
2445308.0 1367.307000
2445309.0 1367.175000
2445310.0 1367.609000
2445311.0 NaN
2445312.0 1368.221000
2445313.0 1367.840000
2445314.0 1367.935000
2445315.0 1367.633000
2445316.0 1367.531000
2445317.0 1367.057000
2445318.0 1366.766000
2445319.0 1367.323000
2445320.0 1367.426000
2445321.0 1368.534000
2445322.0 1368.928000
2445323.0 1368.453000
2445324.0 1368.551000
2445325.0 1368.245000
2445326.0 1368.042000
2445327.0 1367.921000
2445328.0 NaN
2445329.0 1368.113000
2445330.0 NaN
2445331.0 NaN
2445332.0 1367.472000
2445333.0 1367.955000
2445334.0 NaN
2445335.0 1367.842000
2445336.0 NaN
2445337.0 1368.803000
2445338.0 1367.794000
2445339.0 1367.707000
2445340.0 1367.404000
2445341.0 1368.578000
2445342.0 1368.231000
2445343.0 1367.153000
2445344.0 1367.889000
2445345.0 1368.542000
2445346.0 1367.530000
2445347.0 1367.860000
2445348.0 1368.619000
2445349.0 1368.195000
2445350.0 1367.476000
2445351.0 1367.321000
2445352.0 1367.675000
2445353.0 1367.021000
2445354.0 1367.267000
2445355.0 1367.259000
2445356.0 1367.227000
2445357.0 1367.865000
2445358.0 1367.407000
2445359.0 1368.186000
2445360.0 1368.360000
2445361.0 1368.159000
2445362.0 1367.831000
2445363.0 1367.773000
2445364.0 1367.907000
2445365.0 1367.736000
2445366.0 1367.893000
2445367.0 1367.967000
2445368.0 1368.082000
2445369.0 1368.034000
2445370.0 1368.255000
2445371.0 1367.471000
2445372.0 1367.478000
2445373.0 1366.892000
2445374.0 1367.479000
2445375.0 1368.176000
2445376.0 1368.400000
2445377.0 1368.515000
2445378.0 1368.351000
2445379.0 1368.780000
2445380.0 1368.056000
2445381.0 1368.211000
2445382.0 1367.932000
2445383.0 1367.370000
2445384.0 1366.983000
2445385.0 1366.297000
2445386.0 1368.004000
2445387.0 1366.370000
2445388.0 1368.304000
2445389.0 1368.135000
2445390.0 1367.991000
2445391.0 1367.877000
2445392.0 1367.194000
2445393.0 1367.374000
2445394.0 1367.535000
2445395.0 1368.020000
2445396.0 1367.327000
2445397.0 1367.920000
2445398.0 1366.638000
2445399.0 1367.047000
2445400.0 1367.136000
2445401.0 1367.568000
2445402.0 1366.043000
2445403.0 1367.700000
2445404.0 1367.964000
2445405.0 1367.867000
2445406.0 1367.743000
2445407.0 1367.620000
2445408.0 1367.229000
2445409.0 1366.511000
2445410.0 NaN
2445411.0 1367.989000
2445412.0 1367.576000
2445413.0 1367.645000
2445414.0 1367.643000
2445415.0 1367.362000
2445416.0 1367.334000
2445417.0 1368.408000
2445418.0 1368.121000
2445419.0 1368.582000
2445420.0 1368.257000
2445421.0 1367.179000
2445422.0 1368.015000
2445423.0 1367.546000
2445424.0 1366.762000
2445425.0 1367.602000
2445426.0 1367.578000
2445427.0 1366.939000
2445428.0 1366.499000
2445429.0 1367.446000
2445430.0 1367.915000
2445431.0 1368.172000
2445432.0 1366.999000
2445433.0 1367.054000
2445434.0 1367.306000
2445435.0 1367.632000
2445436.0 1367.310000
2445437.0 1367.623000
2445438.0 1367.102000
2445439.0 1368.179000
2445440.0 1367.784000
2445441.0 1367.524000
2445442.0 1366.948000
2445443.0 1367.338000
2445444.0 1367.738000
2445445.0 1367.693000
2445446.0 1367.917000
2445447.0 1367.454000
2445448.0 1367.992000
2445449.0 1367.744000
2445450.0 1367.160000
2445451.0 1367.516000
2445452.0 1367.612000
2445453.0 1367.531000
2445454.0 1367.523000
2445455.0 NaN
2445456.0 1367.181000
2445457.0 1367.992000
2445458.0 1367.748000
2445459.0 1367.997000
2445460.0 1368.074000
2445461.0 1367.619000
2445462.0 1367.603000
2445463.0 1367.866000
2445464.0 1367.113000
2445465.0 1367.075000
2445466.0 1366.821000
2445467.0 1366.204000
2445468.0 1366.729000
2445469.0 1366.841000
2445470.0 1367.098000
2445471.0 1367.042000
2445472.0 1367.650000
2445473.0 1368.779000
2445474.0 1367.256000
2445475.0 1367.919000
2445476.0 1366.769000
2445477.0 1366.617000
2445478.0 1367.023000
2445479.0 1367.567000
2445480.0 1367.448000
2445481.0 1367.851000
2445482.0 1367.725000
2445483.0 1368.147000
2445484.0 1368.421000
2445485.0 1368.450000
2445486.0 1368.348000
2445487.0 1367.618000
2445488.0 1367.635000
2445489.0 1367.078000
2445490.0 1366.914000
2445491.0 1366.506000
2445492.0 1366.347000
2445493.0 1366.590000
2445494.0 1366.409000
2445495.0 1366.644000
2445496.0 1367.183000
2445497.0 1366.997000
2445498.0 NaN
2445499.0 1366.918000
2445500.0 1368.094000
2445501.0 1367.813000
2445502.0 1367.906000
2445503.0 1368.033000
2445504.0 1367.520000
2445505.0 1367.511000
2445506.0 1368.184000
2445507.0 1367.892000
2445508.0 NaN
2445509.0 1367.750000
2445510.0 NaN
2445511.0 1367.753000
2445512.0 1367.955000
2445513.0 1368.180000
2445514.0 1367.613000
2445515.0 1367.493000
2445516.0 1367.411000
2445517.0 1367.069000
2445518.0 1367.447000
2445519.0 1367.150000
2445520.0 1367.811000
2445521.0 1367.793000
2445522.0 1367.787000
2445523.0 1367.815000
2445524.0 1367.505000
2445525.0 1366.944000
2445526.0 1367.844000
2445527.0 1367.435000
2445528.0 1367.463000
2445529.0 1367.621000
2445530.0 1367.523000
2445531.0 1367.490000
2445532.0 1367.639000
2445533.0 1366.668000
2445534.0 1368.138000
2445535.0 1368.105000
2445536.0 1368.220000
2445537.0 1367.864000
2445538.0 1367.597000
2445539.0 1367.716000
2445540.0 1367.855000
2445541.0 1367.565000
2445542.0 1367.674000
2445543.0 1368.065000
2445544.0 1367.609000
2445545.0 1367.657000
2445546.0 1367.607000
2445547.0 1367.247000
2445548.0 1367.269000
2445549.0 1367.122000
2445550.0 1366.647000
2445551.0 1367.181000
2445552.0 1367.708000
2445553.0 1367.741000
2445554.0 1367.791000
2445555.0 1368.175000
2445556.0 1367.962000
2445557.0 1367.029000
2445558.0 1367.775000
2445559.0 1367.436000
2445560.0 1367.537000
2445561.0 1367.767000
2445562.0 1367.970000
2445563.0 1367.150000
2445564.0 1368.292000
2445565.0 1368.153000
2445566.0 1368.041000
2445567.0 NaN
2445568.0 1367.620000
2445569.0 1367.813000
2445570.0 1367.415000
2445571.0 1368.223000
2445572.0 1367.844000
2445573.0 1367.377000
2445574.0 1367.841000
2445575.0 1367.678000
2445576.0 1367.574000
2445577.0 1367.682000
2445578.0 1367.546000
2445579.0 1367.890000
2445580.0 1367.635000
2445581.0 1367.855000
2445582.0 1367.675000
2445583.0 1367.758000
2445584.0 1367.169000
2445585.0 NaN
2445586.0 1367.779000
2445587.0 1367.739000
2445588.0 1367.818000
2445589.0 1368.207000
2445590.0 1368.160000
2445591.0 1367.608000
2445592.0 1367.762000
2445593.0 1367.718000
2445594.0 1367.437000
2445595.0 1367.697000
2445596.0 1367.611000
2445597.0 1366.803000
2445598.0 1367.821000
2445599.0 1367.985000
2445600.0 1368.057000
2445601.0 NaN
2445602.0 NaN
2445603.0 NaN
2445604.0 NaN
2445605.0 NaN
2445606.0 NaN
2445607.0 NaN
2445608.0 NaN
2445609.0 NaN
2445610.0 NaN
2445611.0 1367.584000
2445612.0 1367.865000
2445613.0 1367.756000
2445614.0 1367.213000
2445615.0 1367.348000
2445616.0 1366.653000
2445617.0 1367.652000
2445618.0 1367.639000
2445619.0 1367.716000
2445620.0 1367.891000
2445621.0 1367.876000
2445622.0 1368.069000
2445623.0 NaN
2445624.0 NaN
2445625.0 1367.886000
2445626.0 1367.314000
2445627.0 1366.970000
2445628.0 1367.545000
2445629.0 1367.232000
2445630.0 1367.830000
2445631.0 1367.581000
2445632.0 1367.016000
2445633.0 1367.246000
2445634.0 1366.997000
2445635.0 1367.658000
2445636.0 1367.378000
2445637.0 1367.067000
2445638.0 1367.515000
2445639.0 1367.842000
2445640.0 NaN
2445641.0 1366.984000
2445642.0 1368.020000
2445643.0 NaN
2445644.0 NaN
2445645.0 NaN
2445646.0 NaN
2445647.0 NaN
2445648.0 NaN
2445649.0 NaN
2445650.0 NaN
2445651.0 NaN
2445652.0 NaN
2445653.0 NaN
2445654.0 NaN
2445655.0 NaN
2445656.0 NaN
2445657.0 NaN
2445658.0 NaN
2445659.0 NaN
2445660.0 NaN
2445661.0 NaN
2445662.0 NaN
2445663.0 NaN
2445664.0 NaN
2445665.0 NaN
2445666.0 NaN
2445667.0 NaN
2445668.0 NaN
2445669.0 NaN
2445670.0 NaN
2445671.0 NaN
2445672.0 NaN
2445673.0 1367.695000
2445674.0 NaN
2445675.0 NaN
2445676.0 NaN
2445677.0 NaN
2445678.0 NaN
2445679.0 NaN
2445680.0 NaN
2445681.0 NaN
2445682.0 NaN
2445683.0 NaN
2445684.0 NaN
2445685.0 NaN
2445686.0 NaN
2445687.0 NaN
2445688.0 NaN
2445689.0 1367.841000
2445690.0 1368.386000
2445691.0 NaN
2445692.0 NaN
2445693.0 NaN
2445694.0 1367.948000
2445695.0 NaN
2445696.0 NaN
2445697.0 NaN
2445698.0 NaN
2445699.0 NaN
2445700.0 NaN
2445701.0 NaN
2445702.0 NaN
2445703.0 NaN
2445704.0 NaN
2445705.0 NaN
2445706.0 NaN
2445707.0 NaN
2445708.0 NaN
2445709.0 NaN
2445710.0 NaN
2445711.0 NaN
2445712.0 NaN
2445713.0 NaN
2445714.0 1366.725000
2445715.0 NaN
2445716.0 1366.830000
2445717.0 NaN
2445718.0 NaN
2445719.0 NaN
2445720.0 NaN
2445721.0 NaN
2445722.0 NaN
2445723.0 NaN
2445724.0 1365.752000
2445725.0 1365.824000
2445726.0 NaN
2445727.0 NaN
2445728.0 NaN
2445729.0 NaN
2445730.0 NaN
2445731.0 NaN
2445732.0 NaN
2445733.0 NaN
2445734.0 NaN
2445735.0 NaN
2445736.0 NaN
2445737.0 NaN
2445738.0 NaN
2445739.0 NaN
2445740.0 NaN
2445741.0 NaN
2445742.0 NaN
2445743.0 NaN
2445744.0 NaN
2445745.0 NaN
2445746.0 NaN
2445747.0 NaN
2445748.0 NaN
2445749.0 1367.460000
2445750.0 NaN
2445751.0 1367.186000
2445752.0 NaN
2445753.0 NaN
2445754.0 NaN
2445755.0 NaN
2445756.0 NaN
2445757.0 NaN
2445758.0 NaN
2445759.0 NaN
2445760.0 NaN
2445761.0 NaN
2445762.0 NaN
2445763.0 NaN
2445764.0 NaN
2445765.0 NaN
2445766.0 NaN
2445767.0 NaN
2445768.0 NaN
2445769.0 NaN
2445770.0 NaN
2445771.0 NaN
2445772.0 NaN
2445773.0 NaN
2445774.0 NaN
2445775.0 NaN
2445776.0 NaN
2445777.0 NaN
2445778.0 NaN
2445779.0 NaN
2445780.0 NaN
2445781.0 NaN
2445782.0 NaN
2445783.0 NaN
2445784.0 NaN
2445785.0 NaN
2445786.0 NaN
2445787.0 NaN
2445788.0 NaN
2445789.0 NaN
2445790.0 NaN
2445791.0 NaN
2445792.0 NaN
2445793.0 NaN
2445794.0 NaN
2445795.0 NaN
2445796.0 NaN
2445797.0 NaN
2445798.0 NaN
2445799.0 NaN
2445800.0 NaN
2445801.0 NaN
2445802.0 NaN
2445803.0 NaN
2445804.0 NaN
2445805.0 NaN
2445806.0 NaN
2445807.0 NaN
2445808.0 NaN
2445809.0 NaN
2445810.0 NaN
2445811.0 NaN
2445812.0 NaN
2445813.0 NaN
2445814.0 NaN
2445815.0 NaN
2445816.0 NaN
2445817.0 1364.751000
2445818.0 NaN
2445819.0 NaN
2445820.0 NaN
2445821.0 NaN
2445822.0 1366.099000
2445823.0 NaN
2445824.0 1367.113000
2445825.0 1367.362000
2445826.0 1367.396000
2445827.0 1367.377000
2445828.0 1367.176000
2445829.0 1366.840000
2445830.0 1366.420000
2445831.0 1366.048000
2445832.0 1365.863000
2445833.0 1365.950000
2445834.0 NaN
2445835.0 1366.520000
2445836.0 NaN
2445837.0 1367.391000
2445838.0 1367.517000
2445839.0 1367.663000
2445840.0 1367.628000
2445841.0 1367.590000
2445842.0 1367.464000
2445843.0 1367.306000
2445844.0 1367.130000
2445845.0 1367.014000
2445846.0 1367.051000
2445847.0 1367.245000
2445848.0 1367.498000
2445849.0 1367.643000
2445850.0 1367.544000
2445851.0 1367.406000
2445852.0 1367.118000
2445853.0 1367.096000
2445854.0 1367.348000
2445855.0 1367.449000
2445856.0 1367.591000
2445857.0 1367.642000
2445858.0 1367.643000
2445859.0 1367.558000
2445860.0 1367.555000
2445861.0 1367.571000
2445862.0 1367.678000
2445863.0 1367.715000
2445864.0 1367.730000
2445865.0 1367.620000
2445866.0 1367.513000
2445867.0 1367.355000
2445868.0 1367.382000
2445869.0 1367.425000
2445870.0 1367.359000
2445871.0 1367.175000
2445872.0 1367.145000
2445873.0 1367.248000
2445874.0 1367.253000
2445875.0 1367.204000
2445876.0 1367.200000
2445877.0 NaN
2445878.0 NaN
2445879.0 1367.099000
2445880.0 1367.169000
2445881.0 1367.280000
2445882.0 1367.345000
2445883.0 1367.378000
2445884.0 1367.497000
2445885.0 1367.435000
2445886.0 1367.534000
2445887.0 1367.583000
2445888.0 1367.583000
2445889.0 1367.559000
2445890.0 1367.540000
2445891.0 1367.507000
2445892.0 1367.420000
2445893.0 1367.389000
2445894.0 1367.460000
2445895.0 1367.554000
2445896.0 1367.538000
2445897.0 1367.525000
2445898.0 1367.468000
2445899.0 1367.432000
2445900.0 1367.387000
2445901.0 1367.377000
2445902.0 1367.370000
2445903.0 1367.308000
2445904.0 1367.289000
2445905.0 1367.274000
2445906.0 1367.274000
2445907.0 1367.301000
2445908.0 1367.301000
2445909.0 1367.290000
2445910.0 1367.306000
2445911.0 1367.345000
2445912.0 1367.423000
2445913.0 1367.476000
2445914.0 1367.496000
2445915.0 1367.538000
2445916.0 1367.506000
2445917.0 1367.536000
2445918.0 1367.557000
2445919.0 1367.591000
2445920.0 1367.492000
2445921.0 1367.403000
2445922.0 1367.322000
2445923.0 1367.309000
2445924.0 1367.390000
2445925.0 1367.459000
2445926.0 1367.516000
2445927.0 1367.483000
2445928.0 1367.385000
2445929.0 1367.287000
2445930.0 1367.234000
2445931.0 1367.181000
2445932.0 1367.128000
2445933.0 1367.113000
2445934.0 1367.139000
2445935.0 1367.153000
2445936.0 1367.127000
2445937.0 1367.144000
2445938.0 1367.097000
2445939.0 1367.156000
2445940.0 1367.207000
2445941.0 1367.166000
2445942.0 1367.105000
2445943.0 NaN
2445944.0 NaN
2445945.0 NaN
2445946.0 NaN
2445947.0 NaN
2445948.0 NaN
2445949.0 NaN
2445950.0 1367.522000
2445951.0 1367.505000
2445952.0 1367.499000
2445953.0 1367.467000
2445954.0 1367.549000
2445955.0 1367.547000
2445956.0 1367.300000
2445957.0 1367.215000
2445958.0 1367.135000
2445959.0 1367.137000
2445960.0 1367.144000
2445961.0 1367.175000
2445962.0 1367.193000
2445963.0 1367.243000
2445964.0 1367.190000
2445965.0 1367.223000
2445966.0 1367.202000
2445967.0 1367.270000
2445968.0 1367.290000
2445969.0 1367.273000
2445970.0 1367.307000
2445971.0 1367.291000
2445972.0 1367.293000
2445973.0 1367.337000
2445974.0 1367.336000
2445975.0 1367.339000
2445976.0 1367.363000
2445977.0 1367.327000
2445978.0 1367.359000
2445979.0 1367.332000
2445980.0 1367.315000
2445981.0 1367.346000
2445982.0 1367.303000
2445983.0 1367.212000
2445984.0 1367.152000
2445985.0 1367.171000
2445986.0 1367.140000
2445987.0 1367.159000
2445988.0 1367.163000
2445989.0 1367.091000
2445990.0 1367.050000
2445991.0 1367.023000
2445992.0 1367.100000
2445993.0 1367.096000
2445994.0 1367.101000
2445995.0 1367.159000
2445996.0 1367.189000
2445997.0 1367.238000
2445998.0 1367.256000
2445999.0 1367.250000
2446000.0 1367.216000
2446001.0 1367.228000
2446002.0 1367.202000
2446003.0 1367.138000
2446004.0 1367.162000
2446005.0 1367.164000
2446006.0 1367.144000
2446007.0 1367.168000
2446008.0 1367.185000
2446009.0 1367.184000
2446010.0 1367.241000
2446011.0 1367.264000
2446012.0 1367.238000
2446013.0 1367.134000
2446014.0 1367.161000
2446015.0 1367.149000
2446016.0 1367.181000
2446017.0 1367.205000
2446018.0 1366.826000
2446019.0 1367.231000
2446020.0 NaN
2446021.0 1367.255000
2446022.0 1367.255000
2446023.0 1367.288000
2446024.0 1367.328000
2446025.0 1367.264000
2446026.0 1367.192000
2446027.0 1367.156000
2446028.0 1367.078000
2446029.0 1367.018000
2446030.0 1366.860000
2446031.0 1366.755000
2446032.0 1366.738000
2446033.0 1366.882000
2446034.0 1367.068000
2446035.0 1367.199000
2446036.0 1367.313000
2446037.0 1367.366000
2446038.0 1367.324000
2446039.0 1367.227000
2446040.0 1367.196000
2446041.0 1367.210000
2446042.0 1367.175000
2446043.0 1367.186000
2446044.0 1367.208000
2446045.0 1367.212000
2446046.0 1367.108000
2446047.0 1367.069000
2446048.0 1367.104000
2446049.0 1367.123000
2446050.0 1367.176000
2446051.0 1367.075000
2446052.0 1367.120000
2446053.0 1367.163000
2446054.0 1367.224000
2446055.0 1367.241000
2446056.0 1367.185000
2446057.0 1367.186000
2446058.0 NaN
2446059.0 1367.110000
2446060.0 1367.129000
2446061.0 1367.198000
2446062.0 1367.183000
2446063.0 NaN
2446064.0 1367.200000
2446065.0 NaN
2446066.0 1367.233000
2446067.0 1367.342000
2446068.0 1367.404000
2446069.0 1367.296000
2446070.0 1367.365000
2446071.0 1367.350000
2446072.0 NaN
2446073.0 1367.313000
2446074.0 NaN
2446075.0 1367.222000
2446076.0 1367.157000
2446077.0 1367.142000
2446078.0 1367.153000
2446079.0 1367.053000
2446080.0 1366.991000
2446081.0 1366.992000
2446082.0 1366.956000
2446083.0 1366.948000
2446084.0 1367.048000
2446085.0 1366.993000
2446086.0 1366.729000
2446087.0 1366.688000
2446088.0 1366.839000
2446089.0 1367.080000
2446090.0 1367.143000
2446091.0 1367.110000
2446092.0 1367.066000
2446093.0 1367.060000
2446094.0 1367.085000
2446095.0 1367.049000
2446096.0 1367.059000
2446097.0 1367.061000
2446098.0 1367.042000
2446099.0 1366.954000
2446100.0 1367.080000
2446101.0 1367.210000
2446102.0 1367.169000
2446103.0 1367.163000
2446104.0 1367.139000
2446105.0 1367.163000
2446106.0 1367.248000
2446107.0 1367.282000
2446108.0 1367.238000
2446109.0 1367.218000
2446110.0 1367.178000
2446111.0 1367.155000
2446112.0 1367.150000
2446113.0 1367.141000
2446114.0 1367.151000
2446115.0 1367.193000
2446116.0 1367.189000
2446117.0 1367.171000
2446118.0 1367.125000
2446119.0 1367.084000
2446120.0 1367.086000
2446121.0 1367.053000
2446122.0 1367.018000
2446123.0 1367.006000
2446124.0 1367.005000
2446125.0 1367.058000
2446126.0 1367.085000
2446127.0 1367.179000
2446128.0 1367.035000
2446129.0 1366.994000
2446130.0 1367.001000
2446131.0 1367.030000
2446132.0 1366.999000
2446133.0 1367.022000
2446134.0 1367.044000
2446135.0 1367.082000
2446136.0 1367.022000
2446137.0 1367.064000
2446138.0 1367.070000
2446139.0 1367.075000
2446140.0 1367.036000
2446141.0 1367.053000
2446142.0 1367.041000
2446143.0 1367.093000
2446144.0 1367.110000
2446145.0 1367.116000
2446146.0 1367.142000
2446147.0 1367.134000
2446148.0 1367.136000
2446149.0 1367.086000
2446150.0 1366.976000
2446151.0 1366.932000
2446152.0 1366.896000
2446153.0 1366.872000
2446154.0 1366.914000
2446155.0 1366.935000
2446156.0 1367.009000
2446157.0 1367.036000
2446158.0 1367.110000
2446159.0 1366.993000
2446160.0 1366.965000
2446161.0 1366.994000
2446162.0 1367.048000
2446163.0 1366.971000
2446164.0 1366.996000
2446165.0 1366.989000
2446166.0 1367.011000
2446167.0 1366.966000
2446168.0 1366.963000
2446169.0 1366.987000
2446170.0 1366.990000
2446171.0 1366.983000
2446172.0 1367.010000
2446173.0 1367.079000
2446174.0 1367.030000
2446175.0 1367.063000
2446176.0 1367.096000
2446177.0 1367.036000
2446178.0 1366.789000
2446179.0 1366.531000
2446180.0 1366.347000
2446181.0 1366.293000
2446182.0 1366.303000
2446183.0 1366.497000
2446184.0 1366.755000
2446185.0 1366.859000
2446186.0 1366.964000
2446187.0 1367.200000
2446188.0 1367.203000
2446189.0 1367.091000
2446190.0 1367.109000
2446191.0 1367.071000
2446192.0 1367.009000
2446193.0 1367.021000
2446194.0 1366.914000
2446195.0 1366.887000
2446196.0 1366.801000
2446197.0 1366.663000
2446198.0 1366.623000
2446199.0 1366.574000
2446200.0 1366.597000
2446201.0 1366.701000
2446202.0 1366.887000
2446203.0 NaN
2446204.0 NaN
2446205.0 1367.106000
2446206.0 1366.975000
2446207.0 1366.924000
2446208.0 1366.953000
2446209.0 1367.003000
2446210.0 1367.045000
2446211.0 1367.076000
2446212.0 1367.105000
2446213.0 1367.106000
2446214.0 1367.040000
2446215.0 1366.964000
2446216.0 1366.950000
2446217.0 1367.166000
2446218.0 1367.010000
2446219.0 1367.003000
2446220.0 1367.031000
2446221.0 1367.045000
2446222.0 1367.042000
2446223.0 1367.032000
2446224.0 1366.937000
2446225.0 1367.077000
2446226.0 1366.882000
2446227.0 1366.809000
2446228.0 1366.832000
2446229.0 1367.052000
2446230.0 1367.153000
2446231.0 NaN
2446232.0 1367.279000
2446233.0 1367.291000
2446234.0 1367.255000
2446235.0 1367.176000
2446236.0 1367.124000
2446237.0 1367.090000
2446238.0 1367.057000
2446239.0 1367.054000
2446240.0 1366.924000
2446241.0 1366.963000
2446242.0 1366.919000
2446243.0 1366.933000
2446244.0 1366.889000
2446245.0 1366.914000
2446246.0 1366.955000
2446247.0 1367.067000
2446248.0 1367.140000
2446249.0 1367.204000
2446250.0 1367.011000
2446251.0 1367.022000
2446252.0 1366.907000
2446253.0 1366.721000
2446254.0 1366.515000
2446255.0 1366.544000
2446256.0 1366.651000
2446257.0 1366.796000
2446258.0 1367.020000
2446259.0 1367.076000
2446260.0 1367.063000
2446261.0 1367.018000
2446262.0 1366.976000
2446263.0 1366.986000
2446264.0 1366.998000
2446265.0 1366.991000
2446266.0 1366.983000
2446267.0 1367.036000
2446268.0 1367.028000
2446269.0 1366.982000
2446270.0 1366.981000
2446271.0 1366.966000
2446272.0 1367.009000
2446273.0 1367.066000
2446274.0 1367.195000
2446275.0 1367.230000
2446276.0 1367.296000
2446277.0 1367.257000
2446278.0 1367.268000
2446279.0 1367.200000
2446280.0 1367.197000
2446281.0 1367.255000
2446282.0 1367.226000
2446283.0 1367.252000
2446284.0 1367.273000
2446285.0 1367.256000
2446286.0 1367.197000
2446287.0 1367.051000
2446288.0 1366.999000
2446289.0 1366.943000
2446290.0 1366.933000
2446291.0 1366.912000
2446292.0 1366.961000
2446293.0 1366.981000
2446294.0 1366.966000
2446295.0 1366.940000
2446296.0 1366.896000
2446297.0 1366.925000
2446298.0 1366.899000
2446299.0 1366.984000
2446300.0 1366.967000
2446301.0 1367.055000
2446302.0 1367.101000
2446303.0 1367.132000
2446304.0 1367.146000
2446305.0 1367.159000
2446306.0 1367.145000
2446307.0 1367.156000
2446308.0 1367.166000
2446309.0 1367.145000
2446310.0 1367.174000
2446311.0 1367.362000
2446312.0 1367.124000
2446313.0 1367.066000
2446314.0 1367.010000
2446315.0 1367.040000
2446316.0 1367.031000
2446317.0 1366.985000
2446318.0 1367.004000
2446319.0 1367.024000
2446320.0 1367.010000
2446321.0 1366.998000
2446322.0 1367.064000
2446323.0 1367.026000
2446324.0 1367.015000
2446325.0 1367.005000
2446326.0 1366.979000
2446327.0 1366.962000
2446328.0 1366.990000
2446329.0 1367.008000
2446330.0 1367.090000
2446331.0 1367.091000
2446332.0 1367.095000
2446333.0 NaN
2446334.0 1367.046000
2446335.0 1367.041000
2446336.0 1366.935000
2446337.0 1367.025000
2446338.0 1367.003000
2446339.0 1367.038000
2446340.0 1367.052000
2446341.0 1366.933000
2446342.0 1366.958000
2446343.0 1366.938000
2446344.0 1366.887000
2446345.0 1366.938000
2446346.0 1366.971000
2446347.0 1366.949000
2446348.0 1366.921000
2446349.0 NaN
2446350.0 1366.974000
2446351.0 1366.972000
2446352.0 1366.914000
2446353.0 1366.954000
2446354.0 1366.976000
2446355.0 1367.096000
2446356.0 1367.072000
2446357.0 1367.037000
2446358.0 1366.937000
2446359.0 1366.824000
2446360.0 1366.710000
2446361.0 1366.480000
2446362.0 NaN
2446363.0 1366.724000
2446364.0 1367.018000
2446365.0 1367.162000
2446366.0 1367.158000
2446367.0 1367.094000
2446368.0 1367.020000
2446369.0 1366.948000
2446370.0 1366.950000
2446371.0 1367.014000
2446372.0 1367.080000
2446373.0 1366.989000
2446374.0 1366.977000
2446375.0 1366.948000
2446376.0 1366.910000
2446377.0 1366.946000
2446378.0 1366.971000
2446379.0 1366.960000
2446380.0 1367.008000
2446381.0 1367.046000
2446382.0 1367.088000
2446383.0 1367.164000
2446384.0 1367.094000
2446385.0 1366.985000
2446386.0 NaN
2446387.0 1367.013000
2446388.0 1367.056000
2446389.0 1367.112000
2446390.0 1367.160000
2446391.0 1367.233000
2446392.0 1367.278000
2446393.0 NaN
2446394.0 1367.156000
2446395.0 1367.116000
2446396.0 NaN
2446397.0 NaN
2446398.0 NaN
2446399.0 NaN
2446400.0 NaN
2446401.0 NaN
2446402.0 NaN
2446403.0 1366.790000
2446404.0 1366.924000
2446405.0 1366.969000
2446406.0 1367.002000
2446407.0 1367.026000
2446408.0 1367.055000
2446409.0 1367.157000
2446410.0 1367.276000
2446411.0 1367.247000
2446412.0 1367.218000
2446413.0 1367.205000
2446414.0 1367.188000
2446415.0 1367.135000
2446416.0 1367.035000
2446417.0 1367.054000
2446418.0 1367.156000
2446419.0 1367.234000
2446420.0 1367.173000
2446421.0 1367.129000
2446422.0 1367.060000
2446423.0 1367.029000
2446424.0 1366.898000
2446425.0 1366.922000
2446426.0 1366.959000
2446427.0 1367.008000
2446428.0 1367.021000
2446429.0 1367.015000
2446430.0 1367.013000
2446431.0 1367.003000
2446432.0 1366.982000
2446433.0 1367.012000
2446434.0 1367.135000
2446435.0 1367.137000
2446436.0 1367.222000
2446437.0 1367.286000
2446438.0 1367.359000
2446439.0 1367.458000
2446440.0 NaN
2446441.0 NaN
2446442.0 NaN
2446443.0 NaN
2446444.0 NaN
2446445.0 NaN
2446446.0 NaN
2446447.0 NaN
2446448.0 NaN
2446449.0 NaN
2446450.0 NaN
2446451.0 NaN
2446452.0 NaN
2446453.0 1366.926000
2446454.0 1366.925000
2446455.0 1366.932000
2446456.0 1366.970000
2446457.0 1366.911000
2446458.0 1366.915000
2446459.0 1366.889000
2446460.0 1366.867000
2446461.0 1366.984000
2446462.0 1367.085000
2446463.0 1367.114000
2446464.0 1366.985000
2446465.0 1366.694000
2446466.0 1366.639000
2446467.0 1366.648000
2446468.0 1366.736000
2446469.0 1366.922000
2446470.0 1367.014000
2446471.0 1367.057000
2446472.0 1366.977000
2446473.0 1366.854000
2446474.0 1366.831000
2446475.0 1367.009000
2446476.0 1367.069000
2446477.0 1367.010000
2446478.0 1367.026000
2446479.0 1367.038000
2446480.0 1367.029000
2446481.0 1366.932000
2446482.0 1367.008000
2446483.0 1367.012000
2446484.0 1367.056000
2446485.0 1367.035000
2446486.0 1367.030000
2446487.0 1367.038000
2446488.0 1367.049000
2446489.0 1367.084000
2446490.0 1367.137000
2446491.0 1367.322000
2446492.0 1367.418000
2446493.0 1367.159000
2446494.0 1367.060000
2446495.0 1366.938000
2446496.0 1366.891000
2446497.0 1366.926000
2446498.0 1367.015000
2446499.0 1367.139000
2446500.0 1367.181000
2446501.0 1367.197000
2446502.0 1367.104000
2446503.0 1366.975000
2446504.0 NaN
2446505.0 1366.902000
2446506.0 1366.923000
2446507.0 1366.907000
2446508.0 1366.898000
2446509.0 1366.918000
2446510.0 1366.976000
2446511.0 1366.992000
2446512.0 1366.987000
2446513.0 1366.993000
2446514.0 1366.976000
2446515.0 1367.016000
2446516.0 1367.026000
2446517.0 1367.047000
2446518.0 1367.094000
2446519.0 1367.167000
2446520.0 1367.178000
2446521.0 1367.156000
2446522.0 1367.178000
2446523.0 1367.117000
2446524.0 1367.062000
2446525.0 1367.107000
2446526.0 1367.090000
2446527.0 1367.038000
2446528.0 1367.041000
2446529.0 1367.050000
2446530.0 1367.048000
2446531.0 1366.931000
2446532.0 1366.969000
2446533.0 1366.933000
2446534.0 1366.905000
2446535.0 1367.027000
2446536.0 1367.070000
2446537.0 1367.125000
2446538.0 1367.095000
2446539.0 1367.040000
2446540.0 1366.961000
2446541.0 1366.935000
2446542.0 1366.936000
2446543.0 1366.979000
2446544.0 1366.848000
2446545.0 NaN
2446546.0 NaN
2446547.0 NaN
2446548.0 NaN
2446549.0 NaN
2446550.0 NaN
2446551.0 NaN
2446552.0 1367.057000
2446553.0 1367.184000
2446554.0 1367.365000
2446555.0 1367.059000
2446556.0 1367.046000
2446557.0 1367.232000
2446558.0 1366.933000
2446559.0 1366.989000
2446560.0 1366.945000
2446561.0 1366.997000
2446562.0 1367.087000
2446563.0 1367.177000
2446564.0 1366.997000
2446565.0 1366.967000
2446566.0 1367.002000
2446567.0 1367.063000
2446568.0 1367.024000
2446569.0 1367.055000
2446570.0 1367.113000
2446571.0 1367.184000
2446572.0 1367.244000
2446573.0 1367.372000
2446574.0 1367.222000
2446575.0 1367.138000
2446576.0 1367.099000
2446577.0 1367.081000
2446578.0 1367.055000
2446579.0 1367.103000
2446580.0 1367.079000
2446581.0 1367.023000
2446582.0 1366.955000
2446583.0 NaN
2446584.0 1367.080000
2446585.0 1367.029000
2446586.0 1366.877000
2446587.0 1366.849000
2446588.0 1366.941000
2446589.0 1367.095000
2446590.0 1366.930000
2446591.0 1367.102000
2446592.0 1366.977000
2446593.0 1366.967000
2446594.0 NaN
2446595.0 1366.997000
2446596.0 1367.144000
2446597.0 1367.077000
2446598.0 1367.202000
2446599.0 1367.439000
2446600.0 1367.141000
2446601.0 1367.198000
2446602.0 1367.159000
2446603.0 1367.204000
2446604.0 1367.123000
2446605.0 1367.164000
2446606.0 1367.095000
2446607.0 1367.031000
2446608.0 1366.949000
2446609.0 1366.933000
2446610.0 1366.923000
2446611.0 1366.988000
2446612.0 1367.138000
2446613.0 1366.906000
2446614.0 1367.072000
2446615.0 1367.296000
2446616.0 1367.234000
2446617.0 1367.188000
2446618.0 1366.883000
2446619.0 1366.971000
2446620.0 1366.903000
2446621.0 1366.924000
2446622.0 1366.845000
2446623.0 1366.811000
2446624.0 1366.958000
2446625.0 1366.950000
2446626.0 1366.969000
2446627.0 1367.040000
2446628.0 1367.157000
2446629.0 1367.157000
2446630.0 1367.067000
2446631.0 1367.194000
2446632.0 1367.030000
2446633.0 1367.015000
2446634.0 1366.991000
2446635.0 1366.977000
2446636.0 1366.949000
2446637.0 1366.964000
2446638.0 1366.971000
2446639.0 1366.928000
2446640.0 1366.921000
2446641.0 1366.927000
2446642.0 1366.906000
2446643.0 NaN
2446644.0 1366.821000
2446645.0 1366.847000
2446646.0 1366.961000
2446647.0 1366.885000
2446648.0 1367.023000
2446649.0 1366.958000
2446650.0 1367.084000
2446651.0 1367.033000
2446652.0 1367.005000
2446653.0 1366.998000
2446654.0 1367.074000
2446655.0 1367.051000
2446656.0 1367.070000
2446657.0 1367.092000
2446658.0 1367.028000
2446659.0 1366.907000
2446660.0 1366.974000
2446661.0 1366.955000
2446662.0 1366.978000
2446663.0 1366.942000
2446664.0 1366.917000
2446665.0 1366.936000
2446666.0 1366.932000
2446667.0 1367.097000
2446668.0 1366.940000
2446669.0 1367.034000
2446670.0 1366.863000
2446671.0 1366.827000
2446672.0 1366.848000
2446673.0 1366.971000
2446674.0 1366.865000
2446675.0 1366.907000
2446676.0 1367.117000
2446677.0 1366.893000
2446678.0 1366.946000
2446679.0 1366.949000
2446680.0 1366.971000
2446681.0 1367.010000
2446682.0 1366.952000
2446683.0 1366.965000
2446684.0 1366.974000
2446685.0 1366.974000
2446686.0 1366.969000
2446687.0 1366.982000
2446688.0 1367.151000
2446689.0 1366.997000
2446690.0 1366.953000
2446691.0 1366.968000
2446692.0 1366.991000
2446693.0 1366.954000
2446694.0 1367.026000
2446695.0 1367.005000
2446696.0 1367.024000
2446697.0 1367.023000
2446698.0 1367.119000
2446699.0 1367.070000
2446700.0 1367.010000
2446701.0 1367.016000
2446702.0 1366.957000
2446703.0 1366.968000
2446704.0 1367.044000
2446705.0 1367.164000
2446706.0 1367.004000
2446707.0 1367.072000
2446708.0 1366.959000
2446709.0 1367.343000
2446710.0 1367.017000
2446711.0 1367.184000
2446712.0 NaN
2446713.0 1367.124000
2446714.0 1367.042000
2446715.0 1367.080000
2446716.0 1367.063000
2446717.0 1366.977000
2446718.0 1366.934000
2446719.0 1366.901000
2446720.0 1367.086000
2446721.0 1367.026000
2446722.0 1367.023000
2446723.0 1366.929000
2446724.0 1366.887000
2446725.0 1366.871000
2446726.0 1366.837000
2446727.0 1366.853000
2446728.0 1366.802000
2446729.0 1366.943000
2446730.0 1367.080000
2446731.0 1367.178000
2446732.0 1367.171000
2446733.0 1367.224000
2446734.0 1367.145000
2446735.0 1367.086000
2446736.0 1366.895000
2446737.0 1366.914000
2446738.0 1366.944000
2446739.0 1367.207000
2446740.0 1367.020000
2446741.0 1367.078000
2446742.0 1367.128000
2446743.0 1367.068000
2446744.0 1367.026000
2446745.0 1366.936000
2446746.0 1366.952000
2446747.0 1366.957000
2446748.0 NaN
2446749.0 1367.017000
2446750.0 1367.122000
2446751.0 1367.230000
2446752.0 1367.160000
2446753.0 1367.190000
2446754.0 1367.148000
2446755.0 1367.165000
2446756.0 1367.214000
2446757.0 1367.198000
2446758.0 1367.220000
2446759.0 1367.302000
2446760.0 1367.298000
2446761.0 1367.270000
2446762.0 1367.242000
2446763.0 1367.267000
2446764.0 1367.241000
2446765.0 1367.261000
2446766.0 1367.256000
2446767.0 1367.288000
2446768.0 1367.219000
2446769.0 1367.214000
2446770.0 1367.095000
2446771.0 1367.181000
2446772.0 1367.044000
2446773.0 1367.040000
2446774.0 1366.966000
2446775.0 1366.959000
2446776.0 1366.976000
2446777.0 1366.993000
2446778.0 1367.008000
2446779.0 1367.109000
2446780.0 1367.077000
2446781.0 1367.145000
2446782.0 1367.080000
2446783.0 1367.045000
2446784.0 1367.043000
2446785.0 1367.081000
2446786.0 1367.100000
2446787.0 1367.018000
2446788.0 1367.049000
2446789.0 1367.119000
2446790.0 1367.025000
2446791.0 1367.003000
2446792.0 1366.982000
2446793.0 1367.005000
2446794.0 1366.940000
2446795.0 1366.956000
2446796.0 NaN
2446797.0 1366.877000
2446798.0 1367.085000
2446799.0 1366.886000
2446800.0 1366.939000
2446801.0 1366.948000
2446802.0 1367.024000
2446803.0 1366.976000
2446804.0 1366.898000
2446805.0 1366.964000
2446806.0 1366.945000
2446807.0 1367.005000
2446808.0 1367.020000
2446809.0 1367.248000
2446810.0 1367.069000
2446811.0 1367.138000
2446812.0 1367.194000
2446813.0 1367.177000
2446814.0 1367.173000
2446815.0 1367.357000
2446816.0 1367.225000
2446817.0 1367.089000
2446818.0 1367.045000
2446819.0 1367.209000
2446820.0 1367.023000
2446821.0 1366.990000
2446822.0 1366.957000
2446823.0 1366.885000
2446824.0 1366.870000
2446825.0 1366.890000
2446826.0 1366.853000
2446827.0 1366.882000
2446828.0 1366.921000
2446829.0 1366.988000
2446830.0 1366.894000
2446831.0 1366.847000
2446832.0 1366.985000
2446833.0 1366.892000
2446834.0 1366.861000
2446835.0 1367.028000
2446836.0 1367.027000
2446837.0 1366.959000
2446838.0 1366.972000
2446839.0 1367.046000
2446840.0 1366.973000
2446841.0 1367.021000
2446842.0 1367.065000
2446843.0 1367.050000
2446844.0 1367.084000
2446845.0 1366.984000
2446846.0 1367.003000
2446847.0 1366.976000
2446848.0 1367.000000
2446849.0 1366.993000
2446850.0 1366.927000
2446851.0 1366.954000
2446852.0 1366.894000
2446853.0 1366.964000
2446854.0 1367.030000
2446855.0 1367.097000
2446856.0 1366.946000
2446857.0 1367.151000
2446858.0 1366.947000
2446859.0 1367.271000
2446860.0 1366.942000
2446861.0 1366.845000
2446862.0 1366.833000
2446863.0 1366.861000
2446864.0 1366.853000
2446865.0 1366.849000
2446866.0 1366.837000
2446867.0 1366.845000
2446868.0 1366.842000
2446869.0 1366.853000
2446870.0 1366.902000
2446871.0 1366.927000
2446872.0 1366.904000
2446873.0 1366.921000
2446874.0 1366.941000
2446875.0 1366.942000
2446876.0 1367.116000
2446877.0 1366.938000
2446878.0 1366.938000
2446879.0 1366.955000
2446880.0 1366.969000
2446881.0 1366.992000
2446882.0 1367.029000
2446883.0 1366.947000
2446884.0 1366.943000
2446885.0 1366.734000
2446886.0 1366.842000
2446887.0 1367.150000
2446888.0 1366.829000
2446889.0 1367.130000
2446890.0 1366.728000
2446891.0 1366.840000
2446892.0 1366.771000
2446893.0 1366.560000
2446894.0 1367.146000
2446895.0 1366.563000
2446896.0 1367.586000
2446897.0 1367.138000
2446898.0 1366.565000
2446899.0 1366.723000
2446900.0 1367.213000
2446901.0 1366.861000
2446902.0 1366.950000
2446903.0 1367.056000
2446904.0 1367.158000
2446905.0 1367.231000
2446906.0 1367.098000
2446907.0 1366.967000
2446908.0 1367.043000
2446909.0 1367.129000
2446910.0 1367.001000
2446911.0 1366.981000
2446912.0 1367.001000
2446913.0 1366.920000
2446914.0 1366.876000
2446915.0 1366.907000
2446916.0 1366.968000
2446917.0 1366.940000
2446918.0 1367.018000
2446919.0 1366.961000
2446920.0 1367.111000
2446921.0 1367.315000
2446922.0 1367.169000
2446923.0 1367.182000
2446924.0 1367.179000
2446925.0 1367.207000
2446926.0 1367.270000
2446927.0 1367.247000
2446928.0 1367.311000
2446929.0 1367.382000
2446930.0 1367.300000
2446931.0 1367.333000
2446932.0 1367.299000
2446933.0 1367.063000
2446934.0 1366.996000
2446935.0 1366.863000
2446936.0 1366.717000
2446937.0 1367.174000
2446938.0 1366.544000
2446939.0 1366.901000
2446940.0 1366.976000
2446941.0 1366.934000
2446942.0 1367.051000
2446943.0 1366.969000
2446944.0 1366.817000
2446945.0 1366.981000
2446946.0 1366.836000
2446947.0 1366.902000
2446948.0 1367.013000
2446949.0 1367.106000
2446950.0 1367.076000
2446951.0 1367.097000
2446952.0 1367.092000
2446953.0 1367.117000
2446954.0 1367.146000
2446955.0 1367.179000
2446956.0 1367.148000
2446957.0 1367.127000
2446958.0 1367.146000
2446959.0 1367.178000
2446960.0 1367.258000
2446961.0 1367.247000
2446962.0 1367.300000
2446963.0 1367.295000
2446964.0 1367.137000
2446965.0 NaN
2446966.0 1367.192000
2446967.0 1367.206000
2446968.0 1367.248000
2446969.0 1367.130000
2446970.0 1367.026000
2446971.0 1367.004000
2446972.0 1367.060000
2446973.0 1367.079000
2446974.0 1367.193000
2446975.0 1367.190000
2446976.0 1367.140000
2446977.0 NaN
2446978.0 1367.145000
2446979.0 1367.279000
2446980.0 1367.102000
2446981.0 1367.103000
2446982.0 1367.118000
2446983.0 1367.050000
2446984.0 1367.041000
2446985.0 1366.981000
2446986.0 1367.005000
2446987.0 1366.987000
2446988.0 1366.969000
2446989.0 1367.002000
2446990.0 1367.014000
2446991.0 1367.067000
2446992.0 1367.072000
2446993.0 1367.129000
2446994.0 1367.145000
2446995.0 1367.155000
2446996.0 1367.275000
2446997.0 1367.177000
2446998.0 1367.179000
2446999.0 1367.166000
2447000.0 1367.083000
2447001.0 1367.074000
2447002.0 1367.149000
2447003.0 1367.154000
2447004.0 1367.137000
2447005.0 1367.170000
2447006.0 1367.308000
2447007.0 1367.269000
2447008.0 1367.209000
2447009.0 1367.111000
2447010.0 1367.074000
2447011.0 1367.158000
2447012.0 1367.083000
2447013.0 1367.072000
2447014.0 1367.022000
2447015.0 1366.982000
2447016.0 1367.193000
2447017.0 1366.869000
2447018.0 1367.117000
2447019.0 1367.204000
2447020.0 1367.122000
2447021.0 1367.026000
2447022.0 1366.998000
2447023.0 1366.887000
2447024.0 1366.837000
2447025.0 1366.933000
2447026.0 1366.959000
2447027.0 1366.988000
2447028.0 1367.111000
2447029.0 1367.180000
2447030.0 1367.196000
2447031.0 1367.407000
2447032.0 1367.308000
2447033.0 1367.262000
2447034.0 1367.152000
2447035.0 1367.206000
2447036.0 1367.158000
2447037.0 1367.306000
2447038.0 1367.170000
2447039.0 NaN
2447040.0 1367.161000
2447041.0 1367.215000
2447042.0 1367.191000
2447043.0 1367.196000
2447044.0 1367.103000
2447045.0 1367.157000
2447046.0 1366.893000
2447047.0 1366.781000
2447048.0 1366.935000
2447049.0 1367.131000
2447050.0 1367.247000
2447051.0 NaN
2447052.0 1367.320000
2447053.0 1367.415000
2447054.0 1367.280000
2447055.0 1367.261000
2447056.0 1367.353000
2447057.0 1367.341000
2447058.0 1367.333000
2447059.0 1367.314000
2447060.0 1367.238000
2447061.0 1367.138000
2447062.0 1367.149000
2447063.0 1367.096000
2447064.0 1367.102000
2447065.0 1367.168000
2447066.0 1367.107000
2447067.0 NaN
2447068.0 NaN
2447069.0 NaN
2447070.0 1367.246000
2447071.0 NaN
2447072.0 NaN
2447073.0 NaN
2447074.0 NaN
2447075.0 1367.132000
2447076.0 NaN
2447077.0 NaN
2447078.0 1367.392000
2447079.0 1367.366000
2447080.0 1367.596000
2447081.0 1367.258000
2447082.0 1367.076000
2447083.0 1366.892000
2447084.0 1366.804000
2447085.0 1366.917000
2447086.0 1367.047000
2447087.0 1367.237000
2447088.0 1367.473000
2447089.0 1367.435000
2447090.0 1367.408000
2447091.0 1367.273000
2447092.0 1367.194000
2447093.0 1367.246000
2447094.0 1367.297000
2447095.0 1367.357000
2447096.0 1367.338000
2447097.0 1367.243000
2447098.0 1367.154000
2447099.0 1367.137000
2447100.0 1367.231000
2447101.0 1367.306000
2447102.0 1367.400000
2447103.0 1367.561000
2447104.0 1367.591000
2447105.0 1367.713000
2447106.0 1367.573000
2447107.0 1367.405000
2447108.0 1367.389000
2447109.0 1367.432000
2447110.0 1367.421000
2447111.0 NaN
2447112.0 NaN
2447113.0 1367.330000
2447114.0 1367.241000
2447115.0 1367.090000
2447116.0 NaN
2447117.0 NaN
2447118.0 NaN
2447119.0 NaN
2447120.0 NaN
2447121.0 1366.988000
2447122.0 1367.167000
2447123.0 1367.368000
2447124.0 1367.411000
2447125.0 1367.496000
2447126.0 1367.574000
2447127.0 NaN
2447128.0 NaN
2447129.0 NaN
2447130.0 NaN
2447131.0 1367.652000
2447132.0 1367.695000
2447133.0 1367.648000
2447134.0 1367.632000
2447135.0 1367.618000
2447136.0 1367.568000
2447137.0 1366.369000
2447138.0 1366.370000
2447139.0 1367.570000
2447140.0 1367.595000
2447141.0 1367.506000
2447142.0 1367.483000
2447143.0 1367.460000
2447144.0 1367.547000
2447145.0 1367.543000
2447146.0 1367.465000
2447147.0 1367.440000
2447148.0 1367.387000
2447149.0 1367.380000
2447150.0 1367.435000
2447151.0 1367.449000
2447152.0 1367.459000
2447153.0 1367.494000
2447154.0 1367.448000
2447155.0 1367.441000
2447156.0 1367.438000
2447157.0 1367.370000
2447158.0 1367.363000
2447159.0 1367.369000
2447160.0 1367.392000
2447161.0 NaN
2447162.0 1367.220000
2447163.0 1367.227000
2447164.0 1367.309000
2447165.0 1367.524000
2447166.0 1367.575000
2447167.0 1367.608000
2447168.0 1367.670000
2447169.0 1367.342000
2447170.0 1367.443000
2447171.0 1367.383000
2447172.0 1367.417000
2447173.0 1367.488000
2447174.0 1367.654000
2447175.0 1367.782000
2447176.0 1367.808000
2447177.0 1367.493000
2447178.0 1367.477000
2447179.0 1367.438000
2447180.0 1367.369000
2447181.0 1367.167000
2447182.0 1367.256000
2447183.0 1367.349000
2447184.0 1367.560000
2447185.0 1367.670000
2447186.0 1367.636000
2447187.0 1367.566000
2447188.0 1367.230000
2447189.0 1367.351000
2447190.0 1367.428000
2447191.0 1367.460000
2447192.0 1367.544000
2447193.0 1367.355000
2447194.0 1367.655000
2447195.0 1367.619000
2447196.0 1367.615000
2447197.0 1367.584000
2447198.0 1367.582000
2447199.0 1367.535000
2447200.0 1367.668000
2447201.0 1367.747000
2447202.0 1367.765000
2447203.0 1367.773000
2447204.0 1367.609000
2447205.0 1367.511000
2447206.0 1367.490000
2447207.0 1367.364000
2447208.0 1367.309000
2447209.0 1367.207000
2447210.0 1367.143000
2447211.0 1367.066000
2447212.0 1367.143000
2447213.0 1367.202000
2447214.0 1367.257000
2447215.0 1367.368000
2447216.0 1367.382000
2447217.0 1367.444000
2447218.0 1367.438000
2447219.0 1367.298000
2447220.0 1367.462000
2447221.0 NaN
2447222.0 1367.348000
2447223.0 1367.212000
2447224.0 1367.233000
2447225.0 1367.182000
2447226.0 1367.318000
2447227.0 1367.339000
2447228.0 1367.432000
2447229.0 1367.528000
2447230.0 1367.535000
2447231.0 1367.559000
2447232.0 1367.475000
2447233.0 1367.638000
2447234.0 1367.549000
2447235.0 1367.332000
2447236.0 1367.174000
2447237.0 1366.823000
2447238.0 1366.781000
2447239.0 1366.702000
2447240.0 1366.778000
2447241.0 1366.892000
2447242.0 1367.180000
2447243.0 1367.355000
2447244.0 1367.293000
2447245.0 1367.321000
2447246.0 1367.309000
2447247.0 1366.944000
2447248.0 1367.321000
2447249.0 1367.304000
2447250.0 1367.182000
2447251.0 1367.142000
2447252.0 1367.154000
2447253.0 1367.098000
2447254.0 1367.246000
2447255.0 1367.404000
2447256.0 1367.484000
2447257.0 1367.610000
2447258.0 1367.330000
2447259.0 1367.251000
2447260.0 1367.224000
2447261.0 1367.407000
2447262.0 1367.526000
2447263.0 1367.503000
2447264.0 1367.537000
2447265.0 1367.661000
2447266.0 1367.318000
2447267.0 1367.086000
2447268.0 1366.872000
2447269.0 1366.924000
2447270.0 1367.048000
2447271.0 1367.140000
2447272.0 1367.492000
2447273.0 1367.430000
2447274.0 1367.690000
2447275.0 1367.744000
2447276.0 1367.683000
2447277.0 1367.472000
2447278.0 1367.429000
2447279.0 1367.310000
2447280.0 1367.243000
2447281.0 1367.219000
2447282.0 NaN
2447283.0 1367.264000
2447284.0 1367.347000
2447285.0 1367.421000
2447286.0 1367.430000
2447287.0 1367.553000
2447288.0 1367.846000
2447289.0 1367.626000
2447290.0 1367.744000
2447291.0 1367.674000
2447292.0 1367.851000
2447293.0 1367.817000
2447294.0 1367.834000
2447295.0 1367.842000
2447296.0 1367.785000
2447297.0 1367.756000
2447298.0 1367.633000
2447299.0 1367.589000
2447300.0 1367.607000
2447301.0 1367.645000
2447302.0 1367.769000
2447303.0 1367.710000
2447304.0 1367.822000
2447305.0 1367.776000
2447306.0 1367.636000
2447307.0 1367.406000
2447308.0 1367.212000
2447309.0 1367.172000
2447310.0 1367.213000
2447311.0 1367.281000
2447312.0 1367.385000
2447313.0 1367.503000
2447314.0 1367.558000
2447315.0 1367.594000
2447316.0 1367.192000
2447317.0 1367.099000
2447318.0 1367.120000
2447319.0 1367.295000
2447320.0 1367.450000
2447321.0 1367.437000
2447322.0 1367.529000
2447323.0 1367.743000
2447324.0 1367.716000
2447325.0 1367.490000
2447326.0 1367.434000
2447327.0 1367.325000
2447328.0 1367.431000
2447329.0 1367.517000
2447330.0 1367.462000
2447331.0 1367.311000
2447332.0 1367.339000
2447333.0 1367.182000
2447334.0 1367.117000
2447335.0 1367.067000
2447336.0 1366.942000
2447337.0 1366.946000
2447338.0 1367.290000
2447339.0 1367.633000
2447340.0 1367.385000
2447341.0 1366.818000
2447342.0 1365.905000
2447343.0 1365.349000
2447344.0 1365.224000
2447345.0 NaN
2447346.0 1365.351000
2447347.0 1366.029000
2447348.0 1366.961000
2447349.0 1367.693000
2447350.0 1367.836000
2447351.0 1367.651000
2447352.0 1367.182000
2447353.0 1366.990000
2447354.0 1366.915000
2447355.0 1366.964000
2447356.0 1367.160000
2447357.0 1367.074000
2447358.0 1366.983000
2447359.0 1366.677000
2447360.0 1366.551000
2447361.0 1366.776000
2447362.0 1366.965000
2447363.0 1367.090000
2447364.0 1367.321000
2447365.0 1367.568000
2447366.0 1367.741000
2447367.0 1368.056000
2447368.0 1367.972000
2447369.0 1367.806000
2447370.0 1367.512000
2447371.0 1367.292000
2447372.0 1367.180000
2447373.0 1366.929000
2447374.0 1366.739000
2447375.0 1366.796000
2447376.0 1367.224000
2447377.0 1367.270000
2447378.0 1367.529000
2447379.0 1367.443000
2447380.0 1367.423000
2447381.0 1367.510000
2447382.0 1367.408000
2447383.0 1367.171000
2447384.0 1366.820000
2447385.0 1366.386000
2447386.0 1366.228000
2447387.0 1366.382000
2447388.0 1366.725000
2447389.0 1367.173000
2447390.0 1367.226000
2447391.0 1367.637000
2447392.0 1367.763000
2447393.0 1367.831000
2447394.0 1367.835000
2447395.0 1367.878000
2447396.0 1367.793000
2447397.0 1367.769000
2447398.0 1367.786000
2447399.0 1367.763000
2447400.0 1367.639000
2447401.0 1367.869000
2447402.0 1367.997000
2447403.0 1367.677000
2447404.0 1367.273000
2447405.0 1366.741000
2447406.0 1366.297000
2447407.0 1366.534000
2447408.0 1367.122000
2447409.0 1367.314000
2447410.0 1367.787000
2447411.0 1368.177000
2447412.0 1368.106000
2447413.0 1367.951000
2447414.0 1367.952000
2447415.0 1367.927000
2447416.0 1367.821000
2447417.0 1367.833000
2447418.0 1367.862000
2447419.0 1367.799000
2447420.0 1367.731000
2447421.0 1367.748000
2447422.0 1367.750000
2447423.0 1367.792000
2447424.0 1367.765000
2447425.0 1367.853000
2447426.0 1367.905000
2447427.0 1367.852000
2447428.0 1367.789000
2447429.0 1368.017000
2447430.0 1368.133000
2447431.0 1368.120000
2447432.0 1368.130000
2447433.0 1368.153000
2447434.0 1368.104000
2447435.0 1367.879000
2447436.0 1367.824000
2447437.0 1367.757000
2447438.0 1367.884000
2447439.0 1367.573000
2447440.0 1367.466000
2447441.0 1367.181000
2447442.0 1366.913000
2447443.0 1366.765000
2447444.0 1366.835000
2447445.0 1367.038000
2447446.0 1367.360000
2447447.0 1367.800000
2447448.0 1368.013000
2447449.0 1368.013000
2447450.0 1368.015000
2447451.0 1367.946000
2447452.0 1368.116000
2447453.0 1367.853000
2447454.0 1367.870000
2447455.0 1367.654000
2447456.0 1367.583000
2447457.0 1367.347000
2447458.0 1367.151000
2447459.0 1367.041000
2447460.0 1367.144000
2447461.0 1367.457000
2447462.0 1367.805000
2447463.0 1367.830000
2447464.0 1368.259000
2447465.0 1368.279000
2447466.0 1367.970000
2447467.0 1367.811000
2447468.0 1367.561000
2447469.0 1367.161000
2447470.0 1366.727000
2447471.0 1366.550000
2447472.0 1366.696000
2447473.0 1367.070000
2447474.0 1367.182000
2447475.0 1367.438000
2447476.0 1367.647000
2447477.0 1367.629000
2447478.0 1367.806000
2447479.0 1367.685000
2447480.0 1367.462000
2447481.0 1367.591000
2447482.0 1367.560000
2447483.0 1367.632000
2447484.0 1367.670000
2447485.0 1367.685000
2447486.0 1367.827000
2447487.0 1367.940000
2447488.0 1367.858000
2447489.0 1368.012000
2447490.0 1368.087000
2447491.0 1368.251000
2447492.0 1368.150000
2447493.0 1368.041000
2447494.0 1367.980000
2447495.0 1367.819000
2447496.0 1367.792000
2447497.0 1367.606000
2447498.0 1367.564000
2447499.0 1367.562000
2447500.0 1367.805000
2447501.0 1368.176000
2447502.0 1368.307000
2447503.0 1368.390000
2447504.0 1368.462000
2447505.0 NaN
2447506.0 1368.439000
2447507.0 1368.265000
2447508.0 1368.215000
2447509.0 1367.886000
2447510.0 1367.795000
2447511.0 1367.476000
2447512.0 1367.064000
2447513.0 1366.827000
2447514.0 1366.605000
2447515.0 1366.415000
2447516.0 1366.433000
2447517.0 1366.540000
2447518.0 1366.828000
2447519.0 1366.969000
2447520.0 1367.238000
2447521.0 1367.392000
2447522.0 1367.200000
2447523.0 1366.793000
2447524.0 1366.817000
2447525.0 1367.012000
2447526.0 1367.433000
2447527.0 1367.653000
2447528.0 1367.833000
2447529.0 1368.023000
2447530.0 1367.998000
2447531.0 1367.932000
2447532.0 1367.943000
2447533.0 1367.968000
2447534.0 1367.985000
2447535.0 1367.771000
2447536.0 1367.596000
2447537.0 1367.581000
2447538.0 1367.811000
2447539.0 1367.797000
2447540.0 1367.740000
2447541.0 1367.477000
2447542.0 1366.997000
2447543.0 1366.633000
2447544.0 1366.758000
2447545.0 1367.269000
2447546.0 1367.911000
2447547.0 1368.318000
2447548.0 1368.714000
2447549.0 1368.734000
2447550.0 1368.249000
2447551.0 NaN
2447552.0 1367.217000
2447553.0 1366.968000
2447554.0 1367.287000
2447555.0 1367.298000
2447556.0 1367.380000
2447557.0 1367.813000
2447558.0 1368.134000
2447559.0 1368.341000
2447560.0 1368.289000
2447561.0 1368.324000
2447562.0 1368.485000
2447563.0 1368.719000
2447564.0 1368.829000
2447565.0 1368.903000
2447566.0 1368.692000
2447567.0 1368.413000
2447568.0 1367.950000
2447569.0 1367.771000
2447570.0 1367.705000
2447571.0 1367.771000
2447572.0 1367.586000
2447573.0 1367.749000
2447574.0 1368.125000
2447575.0 1368.238000
2447576.0 1368.610000
2447577.0 1368.740000
2447578.0 1368.455000
2447579.0 1367.769000
2447580.0 1367.402000
2447581.0 1367.241000
2447582.0 1367.288000
2447583.0 1367.859000
2447584.0 NaN
2447585.0 1368.279000
2447586.0 1368.281000
2447587.0 1368.103000
2447588.0 1368.028000
2447589.0 1367.744000
2447590.0 1367.986000
2447591.0 1368.182000
2447592.0 1368.454000
2447593.0 1368.548000
2447594.0 1368.378000
2447595.0 1367.988000
2447596.0 1367.493000
2447597.0 1367.088000
2447598.0 1366.494000
2447599.0 1366.506000
2447600.0 1366.881000
2447601.0 1367.382000
2447602.0 1367.894000
2447603.0 1368.384000
2447604.0 1368.755000
2447605.0 1368.690000
2447606.0 1368.232000
2447607.0 1367.910000
2447608.0 1367.447000
2447609.0 1367.631000
2447610.0 NaN
2447611.0 1367.924000
2447612.0 1368.029000
2447613.0 1367.993000
2447614.0 1367.848000
2447615.0 1367.940000
2447616.0 1368.005000
2447617.0 1367.986000
2447618.0 1367.937000
2447619.0 1367.889000
2447620.0 1367.559000
2447621.0 1367.639000
2447622.0 1367.761000
2447623.0 1367.942000
2447624.0 1368.191000
2447625.0 1368.323000
2447626.0 1368.787000
2447627.0 1369.162000
2447628.0 1369.330000
2447629.0 1369.429000
2447630.0 1369.330000
2447631.0 1368.910000
2447632.0 1368.338000
2447633.0 1367.901000
2447634.0 1367.559000
2447635.0 1367.397000
2447636.0 1367.365000
2447637.0 1367.548000
2447638.0 1367.582000
2447639.0 1367.748000
2447640.0 1367.648000
2447641.0 1367.604000
2447642.0 1367.547000
2447643.0 1367.779000
2447644.0 1367.666000
2447645.0 1367.950000
2447646.0 1367.976000
2447647.0 1367.985000
2447648.0 1367.953000
2447649.0 1367.898000
2447650.0 1367.921000
2447651.0 1367.923000
2447652.0 1368.036000
2447653.0 1368.246000
2447654.0 1368.543000
2447655.0 1368.751000
2447656.0 1368.943000
2447657.0 1369.123000
2447658.0 1369.109000
2447659.0 1369.707000
2447660.0 1369.038000
2447661.0 1368.905000
2447662.0 1368.709000
2447663.0 1368.550000
2447664.0 1368.397000
2447665.0 1368.343000
2447666.0 1368.253000
2447667.0 1367.778000
2447668.0 1367.287000
2447669.0 1367.885000
2447670.0 1367.678000
2447671.0 1367.716000
2447672.0 1367.646000
2447673.0 1367.592000
2447674.0 1367.635000
2447675.0 1367.647000
2447676.0 1367.726000
2447677.0 1367.585000
2447678.0 1367.540000
2447679.0 1367.711000
2447680.0 1367.822000
2447681.0 1368.176000
2447682.0 1368.317000
2447683.0 NaN
2447684.0 1368.673000
2447685.0 1368.626000
2447686.0 1368.537000
2447687.0 1368.546000
2447688.0 1368.419000
2447689.0 1367.836000
2447690.0 1367.423000
2447691.0 1366.651000
2447692.0 1365.971000
2447693.0 1365.609000
2447694.0 1365.572000
2447695.0 1366.246000
2447696.0 1367.065000
2447697.0 1367.904000
2447698.0 1368.564000
2447699.0 1368.623000
2447700.0 1368.286000
2447701.0 1367.793000
2447702.0 1367.247000
2447703.0 1367.052000
2447704.0 1367.015000
2447705.0 1366.942000
2447706.0 1367.041000
2447707.0 1367.321000
2447708.0 1367.832000
2447709.0 1368.470000
2447710.0 1368.938000
2447711.0 1369.014000
2447712.0 1368.678000
2447713.0 1368.605000
2447714.0 1368.753000
2447715.0 1368.762000
2447716.0 1368.889000
2447717.0 1368.930000
2447718.0 1368.854000
2447719.0 1368.823000
2447720.0 1368.628000
2447721.0 1368.506000
2447722.0 1368.402000
